-2.113101005554199219e+00,2.124622583389282227e+00
-2.354292869567871094e+00,2.183160781860351562e+00
-1.586632490158081055e+00,6.684566497802734375e+00
-1.943849563598632812e+00,2.002927303314208984e+00
-2.237618207931518555e+00,2.648897171020507812e+00
-2.089559555053710938e+00,2.248826503753662109e+00
-1.422420978546142578e+00,2.672494411468505859e+00
-2.434406042098999023e+00,2.458742856979370117e+00
-7.532942891120910645e-01,6.818073749542236328e+00
-1.446694850921630859e+00,3.250034809112548828e+00
-2.211683988571166992e+00,2.210202693939208984e+00
-2.113658189773559570e+00,2.302479743957519531e+00
-2.288501739501953125e+00,2.366308927536010742e+00
-2.767249107360839844e+00,2.802608489990234375e+00
-1.575882554054260254e+00,5.356641769409179688e+00
-7.938348054885864258e-01,6.519890308380126953e+00
1.100827217102050781e+00,6.454450607299804688e+00
-2.141350060701370239e-01,6.892882347106933594e+00
-2.873370885848999023e+00,5.229759216308593750e+00
-2.555883169174194336e+00,2.786071538925170898e+00
-2.582455873489379883e+00,2.514016628265380859e+00
-2.769643306732177734e+00,2.742734909057617188e+00
-1.944062948226928711e+00,2.302518129348754883e+00
-2.009305715560913086e+00,2.369218349456787109e+00
-2.268398523330688477e+00,2.596638917922973633e+00
-1.986864328384399414e+00,2.267652273178100586e+00
-2.110911130905151367e+00,2.541927337646484375e+00
-2.966187000274658203e+00,3.560950994491577148e+00
-1.911685228347778320e+00,2.341086149215698242e+00
-1.856772303581237793e+00,2.065955877304077148e+00
-2.588734865188598633e+00,2.602891445159912109e+00
-2.075499296188354492e+00,2.331650257110595703e+00
-2.450089216232299805e+00,3.143646240234375000e+00
-2.411480903625488281e+00,2.768099546432495117e+00
-1.985365867614746094e+00,2.382018089294433594e+00
-2.405633211135864258e+00,2.505001306533813477e+00
-2.331291913986206055e+00,2.569246053695678711e+00
-2.436164140701293945e+00,3.034388542175292969e+00
-2.310637474060058594e+00,2.709394693374633789e+00
-2.985389232635498047e+00,3.469637393951416016e+00
-2.573035478591918945e+00,3.166376590728759766e+00
-2.987498998641967773e+00,4.454801082611083984e+00
-2.721184492111206055e+00,3.184049844741821289e+00
-2.479635953903198242e+00,2.825019598007202148e+00
-2.772904634475708008e+00,3.389248371124267578e+00
-2.983711481094360352e+00,4.038930892944335938e+00
-2.088552713394165039e+00,2.536072254180908203e+00
-3.065194368362426758e+00,3.928287744522094727e+00
-2.707383155822753906e+00,3.432281255722045898e+00
-2.513777732849121094e+00,2.850532054901123047e+00
-2.303275346755981445e+00,2.873485088348388672e+00
-2.634301185607910156e+00,2.824764490127563477e+00
-1.972152471542358398e+00,2.657402753829956055e+00
-2.612903118133544922e+00,3.064612627029418945e+00
-2.338612079620361328e+00,2.834192514419555664e+00
-2.935697793960571289e+00,3.762656211853027344e+00
-2.988750696182250977e+00,4.050168037414550781e+00
-2.542402029037475586e+00,3.411298274993896484e+00
-2.795020103454589844e+00,5.040049552917480469e+00
-2.699758291244506836e+00,3.029999732971191406e+00
-2.756325006484985352e+00,3.508877277374267578e+00
-2.839942455291748047e+00,3.716433525085449219e+00
-2.824999809265136719e+00,4.266568660736083984e+00
-2.572150230407714844e+00,2.923791408538818359e+00
-2.671089410781860352e+00,3.286367893218994141e+00
-2.298191785812377930e+00,2.687965154647827148e+00
-2.887427806854248047e+00,3.507948160171508789e+00
-2.909096956253051758e+00,3.457916736602783203e+00
-2.754542589187622070e+00,3.586421012878417969e+00
-2.669072866439819336e+00,3.509797096252441406e+00
-2.752439260482788086e+00,3.108860254287719727e+00
-2.527875900268554688e+00,3.121981620788574219e+00
-2.536533355712890625e+00,2.879618883132934570e+00
-2.350241899490356445e+00,2.760078430175781250e+00
-2.837462425231933594e+00,3.847672224044799805e+00
-8.396172523498535156e-01,4.334081172943115234e+00
2.644282341003417969e+00,4.670764923095703125e+00
2.639767885208129883e+00,4.651577949523925781e+00
-1.274296998977661133e+00,3.526316642761230469e+00
-2.890238761901855469e+00,4.055604457855224609e+00
-2.346148252487182617e+00,2.742576360702514648e+00
-2.662738561630249023e+00,3.274451255798339844e+00
2.803706169128417969e+00,4.141028881072998047e+00
-1.584154129028320312e+00,2.237246274948120117e+00
2.796851396560668945e+00,4.274709701538085938e+00
-2.802384853363037109e+00,3.621674776077270508e+00
-2.711338758468627930e+00,3.757885694503784180e+00
2.425532102584838867e+00,5.116364955902099609e+00
1.939749598503112793e+00,5.693548202514648438e+00
2.781649112701416016e+00,4.341488838195800781e+00
-2.565071821212768555e+00,2.987985610961914062e+00
-1.150195240974426270e+00,3.910183429718017578e+00
2.240214109420776367e+00,5.418114185333251953e+00
2.509209394454956055e+00,4.985650539398193359e+00
-1.623468160629272461e+00,2.332146406173706055e+00
-1.528970241546630859e+00,2.724545001983642578e+00
-8.008592128753662109e-01,4.404620647430419922e+00
2.110785484313964844e+00,5.504153728485107422e+00
-1.500345826148986816e+00,2.578699350357055664e+00
1.454728364944458008e+00,6.011413574218750000e+00
2.322735548019409180e+00,5.221579551696777344e+00
-1.589966177940368652e+00,2.915666341781616211e+00
1.690147638320922852e+00,5.859849929809570312e+00
-2.177360773086547852e+00,2.989656448364257812e+00
1.756872415542602539e+00,5.809452533721923828e+00
-1.381484031677246094e+00,3.746440172195434570e+00
2.139106273651123047e+00,5.549705505371093750e+00
-2.231425046920776367e+00,3.308147192001342773e+00
-4.827183485031127930e-01,4.849836826324462891e+00
1.897770762443542480e+00,5.488453865051269531e+00
-2.443858385086059570e+00,3.282798290252685547e+00
-2.522123575210571289e+00,3.819920539855957031e+00
1.678859949111938477e+00,5.942136764526367188e+00
1.344655871391296387e+00,6.053627967834472656e+00
9.041145443916320801e-01,3.485910177230834961e+00
1.959173560142517090e+00,5.697645187377929688e+00
-1.768032908439636230e+00,2.407916784286499023e+00
-1.898208498954772949e+00,2.724528789520263672e+00
-7.571870684623718262e-01,4.164318084716796875e+00
-2.060472488403320312e+00,2.556418418884277344e+00
-1.718616247177124023e+00,2.235365152359008789e+00
-2.092141151428222656e+00,2.866036891937255859e+00
-1.948293328285217285e+00,2.668538808822631836e+00
-1.669879674911499023e+00,2.326492786407470703e+00
-8.814537525177001953e-01,4.016271114349365234e+00
-2.039601564407348633e+00,2.797410964965820312e+00
-1.981628298759460449e+00,3.307239294052124023e+00
-2.016099452972412109e+00,2.768120765686035156e+00
-1.717216014862060547e+00,2.623154163360595703e+00
-1.376865625381469727e+00,4.736837387084960938e+00
-2.000256299972534180e+00,3.038408279418945312e+00
-2.249990701675415039e+00,3.056755781173706055e+00
-1.562454938888549805e+00,2.512824058532714844e+00
-2.038455247879028320e+00,3.494173288345336914e+00
-1.651558876037597656e+00,2.834847450256347656e+00
-1.720444798469543457e+00,2.455359458923339844e+00
-1.548372507095336914e+00,2.238587856292724609e+00
-1.978073000907897949e+00,2.861224412918090820e+00
-1.346041798591613770e+00,2.767163276672363281e+00
-1.585152864456176758e+00,2.541120529174804688e+00
-1.566163301467895508e+00,2.423809051513671875e+00
-2.234212160110473633e+00,3.199696540832519531e+00
-2.461360692977905273e+00,3.541663408279418945e+00
-2.213884830474853516e+00,3.377319335937500000e+00
-2.055351734161376953e+00,3.073742866516113281e+00
-2.534628152847290039e+00,3.924249410629272461e+00
-1.766791105270385742e+00,2.668951511383056641e+00
-1.784430146217346191e+00,2.618188858032226562e+00
-1.699322342872619629e+00,2.521428108215332031e+00
-2.279136419296264648e+00,3.083119392395019531e+00
-1.682791471481323242e+00,2.580876350402832031e+00
-1.887174367904663086e+00,2.823622465133666992e+00
-2.355460405349731445e+00,3.769996643066406250e+00
-1.704827547073364258e+00,2.714133501052856445e+00
-1.582139015197753906e+00,3.247088432312011719e+00
-1.789077043533325195e+00,2.797712087631225586e+00
-2.058940887451171875e+00,3.151631593704223633e+00
-1.897969365119934082e+00,3.139703750610351562e+00
-1.817051768302917480e+00,2.759112119674682617e+00
-1.797557592391967773e+00,3.300129652023315430e+00
-1.964799523353576660e+00,2.947321414947509766e+00
-1.847300767898559570e+00,3.465391874313354492e+00
-2.278030633926391602e+00,3.765308380126953125e+00
-1.876316428184509277e+00,3.139980316162109375e+00
-1.618437051773071289e+00,2.957124471664428711e+00
-2.596262931823730469e+00,3.846058607101440430e+00
-2.082116842269897461e+00,3.582021474838256836e+00
-2.231749534606933594e+00,3.400276899337768555e+00
-1.863615036010742188e+00,3.612433910369873047e+00
-1.829134464263916016e+00,3.021126747131347656e+00
-1.763016581535339355e+00,3.278040885925292969e+00
-1.941461205482482910e+00,5.189321041107177734e+00
-2.047683715820312500e+00,3.361573219299316406e+00
-2.425520181655883789e+00,4.413252830505371094e+00
-1.823600172996520996e+00,2.901406526565551758e+00
-2.391933917999267578e+00,3.567743539810180664e+00
-2.408838033676147461e+00,3.510185241699218750e+00
-1.977791428565979004e+00,3.674196004867553711e+00
-2.020054340362548828e+00,3.436942815780639648e+00
-1.582239627838134766e+00,2.942091941833496094e+00
-2.211241245269775391e+00,4.718818664550781250e+00
-2.511258602142333984e+00,4.392719745635986328e+00
-2.202683925628662109e+00,3.145937919616699219e+00
-2.223727464675903320e+00,3.519385337829589844e+00
-1.805061101913452148e+00,2.887952327728271484e+00
-1.749218463897705078e+00,3.008809328079223633e+00
-2.113332033157348633e+00,3.387665987014770508e+00
-2.277560710906982422e+00,3.660737991333007812e+00
-2.366849422454833984e+00,3.904385089874267578e+00
-2.373325824737548828e+00,4.773132324218750000e+00
-2.092569589614868164e+00,4.474255084991455078e+00
-2.531947374343872070e+00,4.231625080108642578e+00
-1.554388523101806641e+00,3.275879144668579102e+00
-2.210405588150024414e+00,4.084448814392089844e+00
-2.047264814376831055e+00,3.543079376220703125e+00
-2.125357151031494141e+00,3.667083978652954102e+00
-2.158797740936279297e+00,4.756857395172119141e+00
-2.313709497451782227e+00,4.815846920013427734e+00
-2.008518218994140625e+00,3.601956844329833984e+00
-2.616486549377441406e+00,4.026054859161376953e+00
-2.084438562393188477e+00,3.474252223968505859e+00
-2.268102884292602539e+00,4.321826934814453125e+00
-1.386501789093017578e+00,4.092234611511230469e+00
-2.021731615066528320e+00,4.379999160766601562e+00
-2.413471698760986328e+00,3.622375965118408203e+00
-1.977517724037170410e+00,3.207882642745971680e+00
-2.166258811950683594e+00,4.318008899688720703e+00
-1.678849816322326660e+00,5.648216724395751953e+00
-2.164328336715698242e+00,4.012331008911132812e+00
-2.000095605850219727e+00,4.543469905853271484e+00
-1.845358848571777344e+00,4.550813198089599609e+00
-1.900302648544311523e+00,4.711384773254394531e+00
-1.573204755783081055e+00,6.123283863067626953e+00
-2.060926914215087891e+00,3.448607683181762695e+00
-2.063775777816772461e+00,4.962847709655761719e+00
-2.224267959594726562e+00,4.269607067108154297e+00
2.577074766159057617e+00,3.567512512207031250e+00
-1.885002970695495605e+00,3.683346509933471680e+00
-1.944095730781555176e+00,4.120360374450683594e+00
-2.117892980575561523e+00,3.825687408447265625e+00
-1.814979314804077148e+00,5.004746913909912109e+00
-1.572926521301269531e+00,4.888547897338867188e+00
-1.393328905105590820e+00,6.060749530792236328e+00
-1.772351980209350586e+00,5.282022953033447266e+00
-2.037747383117675781e+00,4.287961959838867188e+00
-1.242709279060363770e+00,5.626849174499511719e+00
1.450906395912170410e+00,5.753952980041503906e+00
-1.770507335662841797e+00,5.651254653930664062e+00
-1.773023247718811035e+00,4.872806072235107422e+00
-1.974871158599853516e+00,5.327717781066894531e+00
-2.084798812866210938e+00,5.206905841827392578e+00
-1.686923861503601074e+00,5.347971916198730469e+00
-1.626205921173095703e+00,5.456851005554199219e+00
-2.006432771682739258e+00,4.717568397521972656e+00
-1.890473365783691406e+00,5.120396614074707031e+00
-1.783343076705932617e+00,4.477099895477294922e+00
-1.440049648284912109e+00,5.554214000701904297e+00
-2.149965047836303711e+00,4.493612289428710938e+00
-2.361591339111328125e+00,4.898517131805419922e+00
-2.040440082550048828e+00,4.543852329254150391e+00
-1.379883289337158203e+00,5.381802082061767578e+00
-1.695408105850219727e+00,5.383996486663818359e+00
-2.127425909042358398e+00,4.473969459533691406e+00
-1.826268196105957031e+00,3.622423410415649414e+00
-1.401403546333312988e+00,5.180269241333007812e+00
-2.100050210952758789e+00,4.611132621765136719e+00
-1.218782067298889160e+00,4.343600749969482422e+00
-1.187788605690002441e+00,5.565006256103515625e+00
-1.660787940025329590e+00,3.061097621917724609e+00
-1.682581543922424316e+00,3.552167654037475586e+00
-1.778782129287719727e+00,5.046307563781738281e+00
-1.693604707717895508e+00,5.264253139495849609e+00
-2.272057771682739258e+00,3.978643417358398438e+00
-1.947336912155151367e+00,4.624043464660644531e+00
-2.001539468765258789e+00,4.018017768859863281e+00
-2.172439813613891602e+00,3.925293207168579102e+00
-1.571064591407775879e+00,5.449254989624023438e+00
-1.824042081832885742e+00,3.643685102462768555e+00
-1.657403111457824707e+00,4.539861679077148438e+00
-1.580412983894348145e+00,5.118854522705078125e+00
-2.097246885299682617e+00,3.918395042419433594e+00
-1.417222142219543457e+00,3.510701656341552734e+00
-1.803785324096679688e+00,4.565887451171875000e+00
-1.737036824226379395e+00,4.720331668853759766e+00
-1.651434898376464844e+00,4.019766807556152344e+00
-1.540206313133239746e+00,3.631150484085083008e+00
-1.766321659088134766e+00,4.451094150543212891e+00
-1.644962310791015625e+00,5.176226139068603516e+00
-1.523285388946533203e+00,3.448897600173950195e+00
-1.779204368591308594e+00,3.560771703720092773e+00
-1.719847679138183594e+00,3.332864761352539062e+00
-1.829403877258300781e+00,4.856991767883300781e+00
-2.051581859588623047e+00,3.975787401199340820e+00
-1.906853437423706055e+00,4.118067741394042969e+00
-1.689546108245849609e+00,4.376138210296630859e+00
-1.986860156059265137e+00,4.668155193328857422e+00
-1.510968685150146484e+00,3.199276208877563477e+00
-2.053149461746215820e+00,4.075283050537109375e+00
-1.459301114082336426e+00,3.374602794647216797e+00
-1.449393391609191895e+00,3.419306516647338867e+00
-1.610624074935913086e+00,4.109565734863281250e+00
-1.788524270057678223e+00,3.709122896194458008e+00
-1.752364158630371094e+00,3.549700260162353516e+00
-1.720390319824218750e+00,3.436122655868530273e+00
-2.074636936187744141e+00,4.666497707366943359e+00
-1.646885633468627930e+00,3.920947313308715820e+00
-1.721738934516906738e+00,3.411344528198242188e+00
-1.886574625968933105e+00,4.093713283538818359e+00
-1.464869379997253418e+00,3.468216896057128906e+00
-1.584581851959228516e+00,3.338201045989990234e+00
-1.728006124496459961e+00,4.417414188385009766e+00
-1.627862453460693359e+00,3.214339733123779297e+00
-1.777130246162414551e+00,3.235268354415893555e+00
-2.093199014663696289e+00,3.763662099838256836e+00
-1.527076840400695801e+00,4.185292720794677734e+00
-1.436503291130065918e+00,3.295807361602783203e+00
-1.931072711944580078e+00,3.760029077529907227e+00
-1.328050613403320312e+00,3.250595092773437500e+00
-1.790323376655578613e+00,3.749890089035034180e+00
-1.212012052536010742e+00,5.258036613464355469e+00
-1.661005496978759766e+00,4.294265747070312500e+00
1.806468844413757324e+00,5.468192100524902344e+00
-1.505136847496032715e+00,3.861406803131103516e+00
-1.423255920410156250e+00,4.876546382904052734e+00
-1.498480677604675293e+00,5.078146457672119141e+00
-1.892898917198181152e+00,4.507671356201171875e+00
-1.719282507896423340e+00,3.544910669326782227e+00
-1.824448347091674805e+00,4.253092288970947266e+00
-1.407779455184936523e+00,5.013969421386718750e+00
-1.749891996383666992e+00,4.623764514923095703e+00
-1.726107120513916016e+00,3.460902452468872070e+00
-1.791808605194091797e+00,4.307548046112060547e+00
-1.677111506462097168e+00,3.397250652313232422e+00
-1.456929922103881836e+00,4.231591701507568359e+00
-1.640984058380126953e+00,4.586957931518554688e+00
-1.794981598854064941e+00,4.439700603485107422e+00
-1.481427192687988281e+00,3.693822860717773438e+00
-1.300090193748474121e+00,3.883086919784545898e+00
-1.319398880004882812e+00,5.071702480316162109e+00
-1.758961200714111328e+00,3.799435138702392578e+00
-1.718406438827514648e+00,3.901973962783813477e+00
-1.619184374809265137e+00,3.859315156936645508e+00
-1.712243437767028809e+00,3.923654556274414062e+00
-1.443851351737976074e+00,3.647950172424316406e+00
-1.735339522361755371e+00,3.850652694702148438e+00
-1.544925689697265625e+00,4.542558193206787109e+00
-1.586046576499938965e+00,3.845899105072021484e+00
-1.563477396965026855e+00,3.956479072570800781e+00
-1.821058630943298340e+00,3.459127664566040039e+00
-1.678078532218933105e+00,4.044010639190673828e+00
-1.680881142616271973e+00,3.892812490463256836e+00
-1.462811350822448730e+00,3.953497171401977539e+00
-1.658006310462951660e+00,4.467705249786376953e+00
-1.582366824150085449e+00,4.552218437194824219e+00
-1.303263545036315918e+00,4.027106285095214844e+00
-1.736877560615539551e+00,3.785933732986450195e+00
-1.633936882019042969e+00,3.757779121398925781e+00
-1.667074680328369141e+00,4.044105529785156250e+00
-1.269883871078491211e+00,3.946944713592529297e+00
-1.542847990989685059e+00,3.592402935028076172e+00
-1.605607151985168457e+00,4.092223167419433594e+00
-1.197832345962524414e+00,4.653871536254882812e+00
-1.598784089088439941e+00,3.579036235809326172e+00
-1.379297852516174316e+00,4.244431018829345703e+00
-1.644378900527954102e+00,3.859075784683227539e+00
-1.484685659408569336e+00,4.304258346557617188e+00
-1.332272410392761230e+00,4.542548179626464844e+00
-1.375858306884765625e+00,3.729497432708740234e+00
-1.412388920783996582e+00,4.931114196777343750e+00
-1.391498565673828125e+00,3.559102773666381836e+00
-1.588675975799560547e+00,3.632874965667724609e+00
-1.494333148002624512e+00,3.474023580551147461e+00
-1.516381621360778809e+00,3.442130327224731445e+00
-1.700752496719360352e+00,4.277629375457763672e+00
-1.564358115196228027e+00,3.403638839721679688e+00
-1.474472403526306152e+00,4.241877079010009766e+00
-1.655707120895385742e+00,3.958017110824584961e+00
-1.438655734062194824e+00,4.565163135528564453e+00
-1.330029726028442383e+00,3.639642477035522461e+00
-1.387754917144775391e+00,4.616909980773925781e+00
-1.481418013572692871e+00,4.373575687408447266e+00
-1.238575100898742676e+00,3.633826255798339844e+00
-1.174885272979736328e+00,4.089383125305175781e+00
-1.298544406890869141e+00,3.792889118194580078e+00
-1.328222751617431641e+00,3.805177450180053711e+00
-1.720977902412414551e+00,3.952874183654785156e+00
-1.029956459999084473e+00,4.660163402557373047e+00
-1.429202318191528320e+00,4.577024459838867188e+00
-1.458774447441101074e+00,3.741227865219116211e+00
-1.384031891822814941e+00,4.751156330108642578e+00
-1.444665074348449707e+00,3.892714977264404297e+00
-1.449393510818481445e+00,3.793500661849975586e+00
-1.321347475051879883e+00,4.419960975646972656e+00
-1.437808990478515625e+00,4.141554355621337891e+00
-1.497335553169250488e+00,4.127130031585693359e+00
-1.613502502441406250e+00,4.329482078552246094e+00
-1.441582322120666504e+00,4.149855613708496094e+00
-9.836866855621337891e-01,4.889632225036621094e+00
-1.434757113456726074e+00,4.179223537445068359e+00
-1.380893945693969727e+00,3.722990274429321289e+00
-1.242942690849304199e+00,3.583725929260253906e+00
-1.723198175430297852e+00,3.931660652160644531e+00
-1.253879308700561523e+00,4.718404769897460938e+00
-1.421064138412475586e+00,4.249385356903076172e+00
-1.191122651100158691e+00,4.723247528076171875e+00
-1.328358292579650879e+00,4.514384746551513672e+00
-1.392587304115295410e+00,4.604378700256347656e+00
-1.249303221702575684e+00,4.184826374053955078e+00
-1.520055770874023438e+00,3.765562772750854492e+00
-1.212136507034301758e+00,4.212229251861572266e+00
-1.420199751853942871e+00,4.812226295471191406e+00
-1.232448935508728027e+00,4.733650684356689453e+00
-1.454701185226440430e+00,4.236218452453613281e+00
-9.210785031318664551e-01,4.986395359039306641e+00
-1.350304126739501953e+00,4.269539356231689453e+00
-1.437752485275268555e+00,3.608339548110961914e+00
-1.141966462135314941e+00,4.512066364288330078e+00
-1.144152522087097168e+00,4.546744346618652344e+00
-9.704598784446716309e-01,4.932176113128662109e+00
-1.339641451835632324e+00,3.830021381378173828e+00
-1.266361474990844727e+00,3.791621685028076172e+00
-1.132966518402099609e+00,5.004693508148193359e+00
-1.271407961845397949e+00,4.008821487426757812e+00
-1.299068093299865723e+00,4.440237522125244141e+00
-9.702311754226684570e-01,5.181830406188964844e+00
-1.258983373641967773e+00,4.698228359222412109e+00
-1.010269999504089355e+00,4.469513893127441406e+00
-1.178482770919799805e+00,5.018657684326171875e+00
-1.102245926856994629e+00,4.167112350463867188e+00
-1.204368591308593750e+00,4.343944072723388672e+00
-1.176313281059265137e+00,4.049828529357910156e+00
-1.136127114295959473e+00,4.370265960693359375e+00
-1.286535859107971191e+00,4.032917976379394531e+00
-1.139084577560424805e+00,4.836464405059814453e+00
-1.135337948799133301e+00,4.545517921447753906e+00
-1.085030198097229004e+00,4.589049339294433594e+00
-1.246399641036987305e+00,4.053203105926513672e+00
-1.042766690254211426e+00,4.849769115447998047e+00
-1.078664183616638184e+00,3.889039039611816406e+00
-1.144913315773010254e+00,3.748052120208740234e+00
-1.116576910018920898e+00,4.094825744628906250e+00
-1.215406656265258789e+00,4.925324916839599609e+00
-1.210457205772399902e+00,4.023915767669677734e+00
-1.002252936363220215e+00,4.476856708526611328e+00
-1.161452054977416992e+00,4.208352088928222656e+00
-1.217295408248901367e+00,4.746870040893554688e+00
-1.129944562911987305e+00,4.185898780822753906e+00
-9.633784294128417969e-01,4.143810272216796875e+00
-1.222935557365417480e+00,3.926036834716796875e+00
-8.806199431419372559e-01,4.678204059600830078e+00
-1.036182641983032227e+00,3.890262842178344727e+00
-1.053622126579284668e+00,4.594194889068603516e+00
-1.045926451683044434e+00,4.439900875091552734e+00
-8.699223995208740234e-01,4.961226463317871094e+00
-1.189890503883361816e+00,4.971436023712158203e+00
-8.992084860801696777e-01,4.811247348785400391e+00
-1.069214820861816406e+00,4.103537559509277344e+00
-8.475416302680969238e-01,4.335877418518066406e+00
-9.125956892967224121e-01,5.077426910400390625e+00
-1.212783932685852051e+00,4.311116218566894531e+00
-1.203123211860656738e+00,3.828386306762695312e+00
-9.707779288291931152e-01,4.838992595672607422e+00
-1.149201035499572754e+00,4.081964969635009766e+00
-4.885295331478118896e-01,5.417175769805908203e+00
-1.072470545768737793e+00,4.222751617431640625e+00
-1.008083105087280273e+00,4.900291919708251953e+00
-1.009237647056579590e+00,4.384038448333740234e+00
-9.073950052261352539e-01,4.903297424316406250e+00
-9.337712526321411133e-01,4.467459678649902344e+00
-9.391047358512878418e-01,4.348372936248779297e+00
-9.892358183860778809e-01,4.110861301422119141e+00
-9.238759279251098633e-01,3.872700929641723633e+00
-1.119497060775756836e+00,4.204525947570800781e+00
-7.876621484756469727e-01,4.477652549743652344e+00
-5.270185470581054688e-01,4.289007663726806641e+00
-1.106710076332092285e+00,4.573637962341308594e+00
-9.427177906036376953e-01,4.419005870819091797e+00
-9.560176134109497070e-01,4.345019340515136719e+00
-6.707007288932800293e-01,4.802755832672119141e+00
-1.027028679847717285e+00,4.084539413452148438e+00
-5.845224261283874512e-01,4.768597602844238281e+00
-8.938130140304565430e-01,4.793442249298095703e+00
-9.013814330101013184e-01,4.384866237640380859e+00
-1.038945913314819336e+00,4.699340343475341797e+00
-8.818510174751281738e-01,4.328433513641357422e+00
-8.264073133468627930e-01,4.763023853302001953e+00
-5.513041019439697266e-01,4.678730487823486328e+00
-6.866564750671386719e-01,4.551106929779052734e+00
-6.633272171020507812e-01,4.701549053192138672e+00
-1.753052622079849243e-01,5.534183979034423828e+00
-9.460305571556091309e-01,4.201351165771484375e+00
-8.696924448013305664e-01,4.513887882232666016e+00
-6.025523543357849121e-01,4.676557064056396484e+00
-8.692299723625183105e-01,4.439894676208496094e+00
-7.985736727714538574e-01,4.401971817016601562e+00
-5.313950181007385254e-01,4.740099906921386719e+00
-6.262933015823364258e-01,4.354333400726318359e+00
-9.442883729934692383e-01,4.254034519195556641e+00
-1.016843080520629883e+00,4.140818595886230469e+00
-5.913106799125671387e-01,4.551004409790039062e+00
-4.321946203708648682e-01,4.702795982360839844e+00
-5.733065605163574219e-01,5.379979610443115234e+00
-8.581826090812683105e-01,4.888436794281005859e+00
-6.529854536056518555e-01,4.494486331939697266e+00
-5.764313340187072754e-01,4.959796428680419922e+00
-7.171459794044494629e-01,4.766674995422363281e+00
-3.997691571712493896e-01,4.960770130157470703e+00
-9.441072940826416016e-01,4.400609016418457031e+00
-3.229562640190124512e-01,5.211042881011962891e+00
-6.641952395439147949e-01,4.975702762603759766e+00
-2.540110349655151367e-01,5.266882419586181641e+00
-6.892867088317871094e-01,4.474140167236328125e+00
-7.265301942825317383e-01,4.812755107879638672e+00
-5.110899806022644043e-01,4.921918392181396484e+00
-4.714639484882354736e-01,4.679715156555175781e+00
-9.147167801856994629e-01,4.487606525421142578e+00
-2.497428804636001587e-01,5.169201374053955078e+00
-4.369201064109802246e-01,4.928934097290039062e+00
-4.020911157131195068e-01,4.942578315734863281e+00
-3.596271574497222900e-01,4.726699352264404297e+00
-2.925326824188232422e-01,5.345032691955566406e+00
-3.447119593620300293e-01,4.952470779418945312e+00
2.898077070713043213e-01,5.387732505798339844e+00
-6.359889507293701172e-01,4.337839126586914062e+00
-3.329170346260070801e-01,5.236819744110107422e+00
8.311276137828826904e-02,4.919023513793945312e+00
-3.202086091041564941e-01,4.507989406585693359e+00
-4.979482889175415039e-01,4.719234943389892578e+00
-3.721742630004882812e-01,4.880224704742431641e+00
1.063124984502792358e-01,5.031387805938720703e+00
4.818911477923393250e-02,5.337237358093261719e+00
-4.765215814113616943e-01,4.660479068756103516e+00
-4.211173355579376221e-01,4.536762714385986328e+00
-2.346194535493850708e-01,4.663850307464599609e+00
-2.329598069190979004e-01,5.133361816406250000e+00
-1.976150125265121460e-01,5.166742801666259766e+00
-2.794344127178192139e-01,4.931486129760742188e+00
-1.140683740377426147e-01,4.893535137176513672e+00
2.978676855564117432e-01,5.642929077148437500e+00
-3.723844885826110840e-01,4.826412677764892578e+00
1.243920326232910156e-01,5.372281074523925781e+00
-4.743534624576568604e-01,4.466023921966552734e+00
6.299205124378204346e-02,5.485272407531738281e+00
-1.125271171331405640e-01,5.256570816040039062e+00
6.339973211288452148e-01,5.721722126007080078e+00
5.357571840286254883e-01,5.636205196380615234e+00
1.335681229829788208e-01,5.373638153076171875e+00
8.118932247161865234e-01,5.587492465972900391e+00
-2.090155631303787231e-01,4.626937389373779297e+00
2.283933311700820923e-01,5.250359058380126953e+00
-4.862580299377441406e-01,4.406024932861328125e+00
2.366063371300697327e-02,4.861936092376708984e+00
-2.791126668453216553e-01,5.043998718261718750e+00
7.655438035726547241e-02,5.193611621856689453e+00
-1.394002884626388550e-01,5.380236148834228516e+00
2.406065762042999268e-01,5.378086566925048828e+00
-2.733397781848907471e-01,4.893813610076904297e+00
-8.304658532142639160e-02,4.953910827636718750e+00
-2.372966259717941284e-01,4.982066154479980469e+00
-2.300907820463180542e-01,5.030429363250732422e+00
2.275412082672119141e-01,5.390822410583496094e+00
5.173010230064392090e-01,5.620453357696533203e+00
-9.161745011806488037e-02,5.113788127899169922e+00
-1.599392741918563843e-01,4.993691444396972656e+00
1.646257191896438599e-01,4.899979114532470703e+00
1.653917133808135986e-01,5.426149368286132812e+00
8.311218023300170898e-02,4.832203865051269531e+00
-4.085262417793273926e-01,4.754511356353759766e+00
3.132521212100982666e-01,5.304914951324462891e+00
-2.005217373371124268e-01,4.553915977478027344e+00
-1.605960577726364136e-01,4.803906917572021484e+00
-1.558347605168819427e-02,5.089041233062744141e+00
-1.716220937669277191e-02,4.586369991302490234e+00
2.864894568920135498e-01,5.260675907135009766e+00
6.666464805603027344e-01,5.327399253845214844e+00
-1.515964567661285400e-01,4.623764514923095703e+00
-1.089285761117935181e-01,4.873032569885253906e+00
-1.694846749305725098e-01,4.590643882751464844e+00
4.778138399124145508e-01,5.459466457366943359e+00
2.714216113090515137e-01,5.112463474273681641e+00
-1.942975372076034546e-01,4.766048431396484375e+00
4.302523732185363770e-01,5.051675796508789062e+00
6.106681749224662781e-02,4.989329338073730469e+00
3.959712013602256775e-02,4.403459548950195312e+00
2.314926534891128540e-01,4.839076042175292969e+00
2.520977556705474854e-01,4.894563198089599609e+00
1.361473500728607178e-01,4.810708045959472656e+00
2.335925251245498657e-01,5.015416145324707031e+00
4.123749732971191406e-01,5.508189678192138672e+00
1.841350644826889038e-01,4.958861351013183594e+00
5.484716892242431641e-01,5.248491287231445312e+00
4.308369755744934082e-01,5.111306667327880859e+00
1.577024757862091064e-01,5.289390563964843750e+00
4.410520195960998535e-01,5.077004432678222656e+00
-6.100351363420486450e-02,4.733051300048828125e+00
3.606643676757812500e-01,4.984840869903564453e+00
6.677926778793334961e-01,5.405996799468994141e+00
1.706705391407012939e-01,4.448584079742431641e+00
-6.042895093560218811e-02,5.114299297332763672e+00
5.782290101051330566e-01,5.256007671356201172e+00
2.005708962678909302e-01,4.706393241882324219e+00
1.079683303833007812e-01,4.921167373657226562e+00
4.750597774982452393e-01,5.174659729003906250e+00
2.085318118333816528e-01,4.909307003021240234e+00
5.932431295514106750e-02,4.609452247619628906e+00
2.343906164169311523e-01,4.903084754943847656e+00
4.575465321540832520e-01,5.108893394470214844e+00
1.029805913567543030e-01,4.921673774719238281e+00
7.637788057327270508e-01,5.602296352386474609e+00
7.448541522026062012e-01,5.346176147460937500e+00
1.823909133672714233e-01,4.527945995330810547e+00
2.525370419025421143e-01,4.607564926147460938e+00
5.629904866218566895e-01,5.332443237304687500e+00
8.147400021553039551e-01,5.268049240112304688e+00
3.778395652770996094e-01,5.231422424316406250e+00
-2.059514261782169342e-02,4.534060001373291016e+00
4.502708315849304199e-01,4.904397010803222656e+00
5.537785291671752930e-01,5.064448833465576172e+00
8.455735445022583008e-01,5.291040420532226562e+00
4.471919238567352295e-01,5.259401321411132812e+00
5.281066894531250000e-01,5.125579833984375000e+00
5.176683068275451660e-01,5.068564414978027344e+00
7.859863042831420898e-01,5.334065914154052734e+00
3.736937642097473145e-01,5.129834175109863281e+00
7.798853516578674316e-01,5.400677680969238281e+00
1.048880815505981445e+00,4.899701595306396484e+00
5.365507006645202637e-01,5.365317821502685547e+00
7.733146548271179199e-01,4.641052722930908203e+00
9.834386110305786133e-01,5.416927337646484375e+00
6.373490691184997559e-01,5.214863300323486328e+00
9.030629992485046387e-01,5.384477615356445312e+00
9.272365570068359375e-01,5.247232437133789062e+00
7.425699830055236816e-01,5.176885604858398438e+00
9.563184380531311035e-01,4.824726581573486328e+00
8.246166706085205078e-01,5.279150009155273438e+00
8.420376777648925781e-01,5.476327896118164062e+00
6.072399616241455078e-01,5.265876770019531250e+00
9.035707712173461914e-01,5.365266323089599609e+00
5.633200407028198242e-01,4.950505733489990234e+00
1.079108595848083496e+00,5.420992374420166016e+00
6.394538879394531250e-01,4.955015659332275391e+00
7.692478299140930176e-01,5.482423782348632812e+00
7.745383381843566895e-01,4.920791149139404297e+00
5.587691068649291992e-01,4.508045196533203125e+00
5.459366440773010254e-01,4.672041416168212891e+00
5.001285076141357422e-01,4.689080715179443359e+00
3.281075656414031982e-01,5.085901737213134766e+00
4.046200215816497803e-01,4.940930843353271484e+00
6.653365492820739746e-01,5.144795417785644531e+00
9.729942083358764648e-01,5.177802085876464844e+00
8.657589554786682129e-01,3.347978115081787109e+00
8.454674482345581055e-01,4.839869022369384766e+00
8.788253664970397949e-01,5.427324295043945312e+00
8.819600939750671387e-01,5.287944316864013672e+00
9.024638533592224121e-01,5.202893733978271484e+00
7.564917206764221191e-01,3.669003486633300781e+00
6.524941325187683105e-01,5.066793441772460938e+00
6.934633255004882812e-01,3.996187448501586914e+00
7.992234826087951660e-01,3.171968221664428711e+00
1.264277100563049316e+00,4.220437049865722656e+00
9.444159865379333496e-01,5.327980041503906250e+00
6.853076815605163574e-01,4.869029998779296875e+00
8.137580156326293945e-01,5.061676025390625000e+00
9.232303500175476074e-01,5.165539264678955078e+00
6.818148493766784668e-01,4.653776168823242188e+00
6.065787672996520996e-01,4.869238376617431641e+00
5.774152874946594238e-01,4.874383449554443359e+00
1.024474501609802246e+00,4.167086601257324219e+00
5.138304829597473145e-01,4.729422569274902344e+00
7.366141080856323242e-01,4.692180633544921875e+00
5.195631384849548340e-01,4.896043777465820312e+00
7.286925911903381348e-01,3.474426031112670898e+00
9.364976882934570312e-01,4.812670707702636719e+00
1.045001029968261719e+00,5.060052871704101562e+00
1.372023344039916992e+00,5.269373893737792969e+00
1.084475874900817871e+00,4.683693408966064453e+00
8.531891107559204102e-01,4.772361755371093750e+00
7.420543432235717773e-01,4.471076488494873047e+00
7.986365556716918945e-01,4.394504070281982422e+00
9.876413941383361816e-01,5.015624046325683594e+00
1.102579116821289062e+00,4.883489131927490234e+00
1.159230828285217285e+00,4.944385528564453125e+00
7.671126127243041992e-01,4.766560077667236328e+00
1.045349478721618652e+00,5.078214645385742188e+00
1.059096217155456543e+00,4.834969043731689453e+00
8.574978113174438477e-01,4.975626468658447266e+00
1.063676238059997559e+00,5.213304042816162109e+00
1.018220901489257812e+00,5.003853321075439453e+00
1.108186960220336914e+00,5.041091918945312500e+00
1.188170671463012695e+00,5.146052837371826172e+00
1.301376104354858398e+00,4.789397239685058594e+00
6.678104996681213379e-01,4.693325042724609375e+00
1.233312845230102539e+00,5.152505874633789062e+00
8.937812447547912598e-01,4.459647178649902344e+00
6.727792024612426758e-01,4.296931266784667969e+00
8.651590943336486816e-01,4.414083957672119141e+00
9.413596987724304199e-01,4.643838405609130859e+00
8.686434030532836914e-01,4.897115230560302734e+00
1.230963349342346191e+00,5.074716567993164062e+00
7.538495063781738281e-01,4.593193054199218750e+00
1.246685266494750977e+00,4.662659645080566406e+00
1.141955375671386719e+00,5.165919780731201172e+00
9.605973958969116211e-01,4.554043292999267578e+00
1.355827331542968750e+00,4.829487800598144531e+00
1.363798499107360840e+00,4.766772747039794922e+00
1.131628036499023438e+00,4.936457157135009766e+00
1.265187621116638184e+00,4.959350109100341797e+00
1.228237271308898926e+00,4.933924674987792969e+00
1.037641525268554688e+00,4.740007400512695312e+00
1.005069255828857422e+00,4.579236984252929688e+00
8.093035817146301270e-01,4.638755798339843750e+00
1.216319680213928223e+00,4.927365303039550781e+00
9.435479044914245605e-01,4.672239780426025391e+00
1.245464801788330078e+00,4.805690765380859375e+00
1.329620838165283203e+00,4.850952625274658203e+00
1.184838771820068359e+00,4.536231994628906250e+00
1.234855413436889648e+00,4.543237209320068359e+00
1.071792364120483398e+00,4.398632049560546875e+00
1.104624152183532715e+00,4.849083423614501953e+00
1.027125120162963867e+00,4.297073841094970703e+00
1.409093976020812988e+00,4.669785022735595703e+00
9.249075651168823242e-01,4.643609523773193359e+00
1.098557472229003906e+00,4.585597991943359375e+00
1.243402242660522461e+00,4.407439231872558594e+00
1.181517124176025391e+00,4.259190559387207031e+00
9.889070391654968262e-01,4.432189464569091797e+00
1.015525817871093750e+00,4.551312446594238281e+00
1.496800661087036133e+00,4.638449192047119141e+00
9.720661044120788574e-01,4.590430736541748047e+00
1.208208322525024414e+00,4.865209102630615234e+00
1.807286739349365234e+00,4.821483135223388672e+00
1.255128145217895508e+00,4.521200656890869141e+00
1.339154720306396484e+00,4.644999504089355469e+00
1.568919539451599121e+00,4.272995948791503906e+00
1.003915548324584961e+00,4.501791477203369141e+00
1.216300487518310547e+00,4.553739547729492188e+00
1.135430097579956055e+00,4.713079452514648438e+00
1.109464406967163086e+00,4.644505023956298828e+00
1.252427220344543457e+00,4.448267459869384766e+00
1.008939862251281738e+00,4.522238731384277344e+00
9.879891872406005859e-01,4.494910240173339844e+00
1.206998348236083984e+00,4.718208789825439453e+00
1.263046622276306152e+00,4.435380935668945312e+00
1.060317516326904297e+00,4.631853103637695312e+00
1.269683957099914551e+00,4.469750881195068359e+00
1.350600242614746094e+00,4.386548519134521484e+00
1.588930249214172363e+00,4.747179031372070312e+00
1.432749986648559570e+00,4.276087760925292969e+00
1.391145586967468262e+00,4.657508373260498047e+00
1.002082109451293945e+00,4.215162277221679688e+00
1.552863121032714844e+00,4.338753700256347656e+00
1.851617097854614258e+00,4.308455467224121094e+00
1.405878186225891113e+00,4.341748714447021484e+00
1.392557621002197266e+00,4.570364952087402344e+00
1.320761203765869141e+00,4.165020942687988281e+00
1.278065323829650879e+00,4.274703025817871094e+00
1.481178164482116699e+00,4.232584476470947266e+00
1.191177248954772949e+00,4.093797206878662109e+00
1.295696973800659180e+00,4.269375801086425781e+00
1.181052565574645996e+00,4.323208332061767578e+00
1.156319260597229004e+00,3.873039722442626953e+00
1.473542213439941406e+00,4.295557022094726562e+00
1.385066270828247070e+00,4.165426254272460938e+00
1.503373265266418457e+00,4.326673030853271484e+00
1.425620198249816895e+00,4.250383853912353516e+00
1.354221343994140625e+00,4.216823577880859375e+00
1.379112958908081055e+00,4.391437053680419922e+00
1.388020396232604980e+00,4.266463756561279297e+00
1.350782632827758789e+00,3.849765777587890625e+00
1.319663166999816895e+00,4.301899909973144531e+00
1.317881584167480469e+00,4.141404151916503906e+00
1.430740952491760254e+00,4.314308166503906250e+00
1.617828369140625000e+00,3.962316036224365234e+00
1.168451666831970215e+00,4.195121288299560547e+00
1.201551318168640137e+00,3.918860435485839844e+00
1.482867360115051270e+00,4.111078739166259766e+00
1.488115072250366211e+00,4.270177841186523438e+00
1.462695956230163574e+00,4.056281089782714844e+00
1.304357409477233887e+00,4.124405384063720703e+00
1.419581413269042969e+00,3.846253156661987305e+00
1.515240907669067383e+00,4.028849124908447266e+00
1.506641030311584473e+00,4.144285202026367188e+00
1.448469877243041992e+00,4.138703346252441406e+00
1.445077657699584961e+00,4.252967834472656250e+00
1.534270048141479492e+00,3.908195734024047852e+00
1.536935091018676758e+00,3.991916656494140625e+00
1.453878998756408691e+00,4.013323783874511719e+00
1.378559589385986328e+00,3.920611858367919922e+00
1.510583758354187012e+00,4.040117263793945312e+00
1.482227325439453125e+00,4.318168640136718750e+00
1.821283102035522461e+00,3.877771854400634766e+00
1.431531429290771484e+00,4.104756355285644531e+00
1.347470164299011230e+00,3.914492845535278320e+00
1.780167579650878906e+00,3.814490079879760742e+00
1.649023175239562988e+00,3.808476924896240234e+00
1.627095699310302734e+00,3.933694124221801758e+00
1.615264415740966797e+00,3.690416812896728516e+00
1.329044699668884277e+00,4.121232986450195312e+00
1.437922000885009766e+00,3.855702638626098633e+00
1.681801557540893555e+00,3.825322389602661133e+00
1.550070524215698242e+00,3.641913890838623047e+00
1.436440825462341309e+00,3.859479188919067383e+00
1.819427728652954102e+00,3.643342733383178711e+00
1.489366054534912109e+00,3.607824802398681641e+00
1.570796847343444824e+00,3.793929815292358398e+00
1.276966571807861328e+00,3.956159591674804688e+00
1.513890862464904785e+00,3.901581764221191406e+00
1.795250058174133301e+00,3.594639778137207031e+00
1.658834934234619141e+00,3.621921300888061523e+00
1.781782031059265137e+00,3.539863824844360352e+00
1.804502010345458984e+00,3.250218391418457031e+00
1.666962862014770508e+00,3.720557928085327148e+00
1.807184815406799316e+00,3.594002246856689453e+00
1.389193296432495117e+00,3.702074289321899414e+00
1.903944015502929688e+00,3.456599712371826172e+00
1.733230829238891602e+00,3.420058012008666992e+00
1.689947247505187988e+00,3.577972888946533203e+00
1.634452939033508301e+00,3.681820869445800781e+00
1.611762404441833496e+00,3.432286024093627930e+00
1.690430879592895508e+00,3.590778112411499023e+00
1.719107747077941895e+00,3.225506067276000977e+00
1.665200591087341309e+00,3.296347379684448242e+00
1.713961720466613770e+00,3.268296718597412109e+00
1.738369703292846680e+00,3.583405017852783203e+00
1.827994465827941895e+00,3.218530654907226562e+00
1.848214864730834961e+00,2.949114561080932617e+00
1.865112662315368652e+00,3.214733839035034180e+00
1.918912768363952637e+00,3.402316093444824219e+00
1.958251833915710449e+00,3.321779012680053711e+00
1.657932877540588379e+00,3.075257778167724609e+00
1.832704067230224609e+00,3.166804552078247070e+00
1.522809267044067383e+00,2.881462574005126953e+00
1.677190780639648438e+00,2.916889190673828125e+00
1.191465258598327637e+00,2.242458343505859375e+00
1.416222333908081055e+00,2.918659210205078125e+00
1.406013727188110352e+00,2.557544946670532227e+00
1.304547548294067383e+00,2.911496400833129883e+00
1.502108097076416016e+00,2.301558971405029297e+00
1.388029217720031738e+00,2.526140928268432617e+00
7.653461098670959473e-01,1.863326907157897949e+00
1.016803145408630371e+00,2.300166368484497070e+00
1.423729419708251953e+00,2.816020488739013672e+00
1.062481999397277832e+00,2.513389348983764648e+00
1.134981989860534668e+00,2.811947107315063477e+00
1.099055171012878418e+00,2.305620431900024414e+00
9.048880338668823242e-01,1.959894180297851562e+00
1.182783722877502441e+00,2.385871887207031250e+00
8.134431838989257812e-01,2.936428785324096680e+00
8.776993751525878906e-01,2.865227937698364258e+00
6.322212815284729004e-01,2.475813388824462891e+00
7.218976020812988281e-01,2.010898113250732422e+00
9.439738988876342773e-01,2.969633579254150391e+00
8.198232650756835938e-01,2.975936651229858398e+00
-7.299514859914779663e-02,1.581502676010131836e+00
1.069600701332092285e+00,2.956932306289672852e+00
8.388365507125854492e-01,2.918185949325561523e+00
7.657474875450134277e-01,2.812483310699462891e+00
7.758585810661315918e-01,2.828118801116943359e+00
6.732021570205688477e-01,2.658193111419677734e+00
6.357143521308898926e-01,2.255872964859008789e+00
5.342511534690856934e-01,2.585383415222167969e+00
7.907186150550842285e-01,3.095937490463256836e+00
6.829106211662292480e-01,2.827260255813598633e+00
7.305726408958435059e-01,2.897277832031250000e+00
4.224673509597778320e-01,2.468116521835327148e+00
8.965095877647399902e-01,2.742774248123168945e+00
6.580415368080139160e-01,2.401274681091308594e+00
6.019037961959838867e-01,2.015093088150024414e+00
7.079438567161560059e-01,2.871102571487426758e+00
1.035604998469352722e-01,2.162816286087036133e+00
7.533621191978454590e-01,2.807670593261718750e+00
-1.015365362167358398e+00,1.834439754486083984e+00
2.487539798021316528e-01,2.401794910430908203e+00
-2.430229485034942627e-01,2.090344667434692383e+00
4.719510674476623535e-01,2.379832506179809570e+00
8.897377550601959229e-02,2.321344375610351562e+00
5.623268485069274902e-01,2.523152351379394531e+00
6.679281592369079590e-01,2.731598854064941406e+00
-8.312962055206298828e-01,2.129442691802978516e+00
1.711876094341278076e-01,2.507834911346435547e+00
5.753273367881774902e-01,2.489013433456420898e+00
-1.763562858104705811e-01,1.865364670753479004e+00
-2.200249284505844116e-01,1.655348896980285645e+00
-4.865215122699737549e-01,1.918784260749816895e+00
-2.828842401504516602e-01,1.984306097030639648e+00
5.240632891654968262e-01,2.577894687652587891e+00
-4.847941994667053223e-01,1.962163686752319336e+00
3.785175085067749023e-01,2.618687629699707031e+00
-6.473416090011596680e-01,2.085108518600463867e+00
-4.980175197124481201e-01,2.426943302154541016e+00
6.754079461097717285e-01,2.712304592132568359e+00
-9.563714861869812012e-01,2.213370323181152344e+00
-3.587143421173095703e-01,2.368764877319335938e+00
-7.907429337501525879e-01,2.016069650650024414e+00
3.860620558261871338e-01,2.613456726074218750e+00
-1.311303377151489258e+00,2.092096567153930664e+00
-8.863615989685058594e-01,2.225354909896850586e+00
-1.787295937538146973e+00,2.495251178741455078e+00
-1.549143075942993164e+00,2.514478445053100586e+00
-2.683290243148803711e-01,2.526128053665161133e+00
-3.745548129081726074e-01,2.519146442413330078e+00
-1.203700542449951172e+00,2.465858459472656250e+00
-1.110132694244384766e+00,2.140492200851440430e+00
-9.245499968528747559e-01,2.345656633377075195e+00
-1.243661046028137207e+00,2.318888664245605469e+00
-1.395802617073059082e+00,2.620454072952270508e+00
-5.876758098602294922e-01,2.464651107788085938e+00
-4.837336838245391846e-01,2.331609964370727539e+00
-1.241490960121154785e+00,2.415001153945922852e+00
5.061746835708618164e-01,2.729569911956787109e+00
-1.393831253051757812e+00,2.333710432052612305e+00
-1.105321049690246582e+00,2.282985210418701172e+00
-9.102203845977783203e-01,2.221080541610717773e+00
-1.007439970970153809e+00,2.444566726684570312e+00
-1.206064701080322266e+00,2.144285917282104492e+00
6.681526303291320801e-01,2.829723119735717773e+00
-6.247541308403015137e-01,2.111607313156127930e+00
-1.016464710235595703e+00,2.295932531356811523e+00
3.839553296566009521e-01,2.607847690582275391e+00
2.978692054748535156e-01,2.518189668655395508e+00
-1.180411338806152344e+00,2.567818164825439453e+00
-6.911780834197998047e-01,6.536211013793945312e+00
-1.293323516845703125e+00,2.555267095565795898e+00
-1.256091475486755371e+00,2.427297592163085938e+00
-2.953169345855712891e-01,2.311853885650634766e+00
-1.409829020500183105e+00,6.401803493499755859e+00
-1.328091979026794434e+00,2.527667045593261719e+00
3.719530701637268066e-01,6.428440570831298828e+00
2.912036180496215820e-01,2.576767444610595703e+00
-5.099258422851562500e-01,6.722469806671142578e+00
7.715256810188293457e-01,6.142867088317871094e+00
6.136056780815124512e-01,6.322286605834960938e+00
-1.740143179893493652e+00,4.361057281494140625e+00
1.399792909622192383e+00,5.475461959838867188e+00
1.744508028030395508e+00,5.284975528717041016e+00
1.450734019279479980e+00,5.656919479370117188e+00
1.812182307243347168e+00,5.119038581848144531e+00
1.435891509056091309e+00,5.606904029846191406e+00
-8.305983543395996094e-01,6.298985958099365234e+00
8.050631284713745117e-01,3.147120475769042969e+00
1.602096319198608398e+00,5.406495571136474609e+00
-1.028484225273132324e+00,3.588822841644287109e+00
9.515811800956726074e-01,3.209228754043579102e+00
1.463274955749511719e+00,5.601738452911376953e+00
1.952015757560729980e+00,5.175424575805664062e+00
2.090440273284912109e+00,4.764857769012451172e+00
1.158070087432861328e+00,5.843068599700927734e+00
-5.084598064422607422e-01,2.581535100936889648e+00
-6.062000393867492676e-01,2.456275939941406250e+00
-1.203153491020202637e+00,6.021801948547363281e+00
-7.589046359062194824e-01,5.636357307434082031e+00
-1.040068507194519043e+00,2.727356433868408203e+00
-7.111785411834716797e-01,2.674034833908081055e+00
-2.143765687942504883e-01,2.427012205123901367e+00
-8.533219993114471436e-02,2.945753812789916992e+00
-9.862248301506042480e-01,2.732043743133544922e+00
-9.223027229309082031e-01,2.804648637771606445e+00
-5.974133610725402832e-01,2.555260658264160156e+00
4.065292477607727051e-01,2.654387474060058594e+00
-8.356231451034545898e-01,3.591063976287841797e+00
-1.569503664970397949e+00,2.975905656814575195e+00
-1.695228099822998047e+00,4.720447540283203125e+00
-6.139094233512878418e-01,3.104291439056396484e+00
-1.390366315841674805e+00,3.072496414184570312e+00
-9.416600465774536133e-01,3.044628143310546875e+00
-2.042628765106201172e+00,3.247684955596923828e+00
-1.084571242332458496e+00,2.848194122314453125e+00
-1.668994665145874023e+00,3.044340133666992188e+00
-2.330257415771484375e+00,3.765262603759765625e+00
-1.053329586982727051e+00,3.346146583557128906e+00
-1.463388085365295410e+00,2.718707561492919922e+00
-1.994853734970092773e+00,3.434420108795166016e+00
-1.055709242820739746e+00,2.740649461746215820e+00
-1.189957976341247559e+00,2.919742107391357422e+00
-1.688854098320007324e+00,2.748294353485107422e+00
-1.913230538368225098e+00,3.330383777618408203e+00
-1.419990301132202148e+00,2.737811088562011719e+00
-1.541005134582519531e+00,2.882631301879882812e+00
-7.803003191947937012e-01,2.856334209442138672e+00
-9.572153687477111816e-01,2.722136974334716797e+00
-1.120551943778991699e+00,2.999539852142333984e+00
-3.768649995326995850e-01,2.558465957641601562e+00
-5.808990001678466797e-01,2.731803655624389648e+00
-4.463883638381958008e-01,2.495094537734985352e+00
-1.129888534545898438e+00,3.246337890625000000e+00
-7.916258573532104492e-01,2.790412902832031250e+00
-6.117865443229675293e-01,2.691043376922607422e+00
-1.099314332008361816e+00,3.066664218902587891e+00
-4.688700139522552490e-01,2.448460578918457031e+00
-1.034234285354614258e+00,3.546972513198852539e+00
-1.036116957664489746e+00,3.202590942382812500e+00
-1.075900077819824219e+00,2.703902482986450195e+00
-7.935425043106079102e-01,2.716916799545288086e+00
-2.989373803138732910e-01,2.546334266662597656e+00
-7.485629320144653320e-01,2.750561952590942383e+00
1.002234593033790588e-01,2.473714590072631836e+00
-4.686067998409271240e-01,2.655340433120727539e+00
-3.577215671539306641e-01,2.486126899719238281e+00
-4.622802436351776123e-01,2.860771179199218750e+00
-1.100460410118103027e+00,3.404966115951538086e+00
-7.289363741874694824e-01,2.645020723342895508e+00
-1.294440180063247681e-01,2.675240516662597656e+00
-7.701169848442077637e-01,2.783393144607543945e+00
-1.769079923629760742e+00,3.293782711029052734e+00
1.492839604616165161e-01,2.563260316848754883e+00
-3.723177313804626465e-01,2.624666213989257812e+00
-2.742399089038372040e-02,2.403701543807983398e+00
-2.587888240814208984e-01,2.610067844390869141e+00
-1.082132577896118164e+00,3.206851959228515625e+00
6.624122709035873413e-02,2.478578329086303711e+00
4.499140381813049316e-01,2.670891046524047852e+00
-1.799481034278869629e+00,3.877952337265014648e+00
-1.167055889964103699e-01,2.477926015853881836e+00
-2.039839267730712891e+00,4.818062305450439453e+00
-9.949325919151306152e-01,3.067439556121826172e+00
-7.474083900451660156e-01,2.866143226623535156e+00
-7.158488035202026367e-01,2.709720134735107422e+00
-1.140739560127258301e+00,3.488695144653320312e+00
-5.048855543136596680e-01,2.513729572296142578e+00
-8.673065155744552612e-02,2.532349109649658203e+00
-9.725876450538635254e-01,3.352097988128662109e+00
-9.286956191062927246e-01,3.553210020065307617e+00
-1.890835404396057129e+00,3.682823181152343750e+00
-7.419739365577697754e-01,2.804886341094970703e+00
-8.971318006515502930e-01,2.766118526458740234e+00
-2.101517200469970703e+00,4.291194438934326172e+00
-1.118499755859375000e+00,3.448129177093505859e+00
1.549973249435424805e+00,4.732206821441650391e+00
-1.075125694274902344e+00,3.452873468399047852e+00
-1.038115859031677246e+00,3.212844848632812500e+00
-4.814653396606445312e-01,2.780260324478149414e+00
-2.378274440765380859e+00,4.712554931640625000e+00
-1.060387730598449707e+00,3.201374530792236328e+00
-6.016893982887268066e-01,2.816764831542968750e+00
-4.461513161659240723e-01,2.637787342071533203e+00
-1.002704501152038574e+00,3.408270597457885742e+00
-3.911940157413482666e-01,2.483349800109863281e+00
-4.854549765586853027e-01,2.769673585891723633e+00
-9.359659552574157715e-01,2.817567110061645508e+00
-8.240138292312622070e-01,3.231490850448608398e+00
-7.911739945411682129e-01,3.415497779846191406e+00
2.221860289573669434e-01,2.506719112396240234e+00
-1.853637099266052246e+00,4.611199378967285156e+00
6.091719269752502441e-01,3.075566768646240234e+00
9.419128894805908203e-01,4.593060970306396484e+00
8.871558904647827148e-01,5.661685943603515625e+00
6.594371199607849121e-01,3.089993953704833984e+00
-1.615819483995437622e-01,2.714211225509643555e+00
6.830586791038513184e-01,3.212714910507202148e+00
-3.603103458881378174e-01,2.597161769866943359e+00
-1.116114071919582784e-04,2.572574853897094727e+00
-2.446113973855972290e-01,3.214312791824340820e+00
-5.463058352470397949e-01,3.890805959701538086e+00
1.608758926391601562e+00,5.238449573516845703e+00
1.829952478408813477e+00,4.336720466613769531e+00
5.626826882362365723e-01,2.887082099914550781e+00
9.735729098320007324e-01,3.948685407638549805e+00
6.525381207466125488e-01,3.113789558410644531e+00
6.340415477752685547e-01,2.978193759918212891e+00
6.748793721199035645e-01,3.107273817062377930e+00
-1.033762216567993164e+00,3.278043508529663086e+00
-9.591354727745056152e-01,3.168212652206420898e+00
2.816795706748962402e-01,5.583363056182861328e+00
1.015668630599975586e+00,4.191181182861328125e+00
-1.857074648141860962e-01,3.792701959609985352e+00
5.708325505256652832e-01,3.116384506225585938e+00
-5.252198576927185059e-01,3.501126527786254883e+00
-8.245265483856201172e-01,3.191624879837036133e+00
-9.603419899940490723e-01,5.945880889892578125e+00
2.906513214111328125e-01,2.685822963714599609e+00
-4.661756157875061035e-01,2.908211231231689453e+00
-8.399581909179687500e-01,3.045173168182373047e+00
6.089001297950744629e-01,2.844970464706420898e+00
4.149045348167419434e-01,2.813236713409423828e+00
-9.423217177391052246e-01,3.070918798446655273e+00
-3.619765341281890869e-01,3.347215890884399414e+00
-2.855540513992309570e-01,2.895612239837646484e+00
-6.410167813301086426e-01,2.882540702819824219e+00
-7.330633401870727539e-01,3.201136589050292969e+00
-1.428700983524322510e-01,3.732216596603393555e+00
-3.310045599937438965e-01,2.629976987838745117e+00
5.419746041297912598e-01,2.703053236007690430e+00
5.596736818552017212e-02,2.786013603210449219e+00
-7.799337506294250488e-01,2.864646196365356445e+00
1.176278740167617798e-01,2.727747917175292969e+00
1.054657623171806335e-01,3.176483392715454102e+00
-6.841596364974975586e-01,2.716470479965209961e+00
-1.511255651712417603e-01,3.310696125030517578e+00
2.043748199939727783e-01,2.715883970260620117e+00
-3.432584106922149658e-01,2.851367950439453125e+00
-6.341117024421691895e-01,3.291635274887084961e+00
-4.786309599876403809e-01,2.756795406341552734e+00
-6.854005455970764160e-01,3.055912494659423828e+00
-2.206563204526901245e-02,3.020374298095703125e+00
-8.192918896675109863e-01,2.949227333068847656e+00
-8.539745211601257324e-01,3.191354751586914062e+00
-3.316573053598403931e-02,2.962211608886718750e+00
5.080310255289077759e-02,2.699752569198608398e+00
-1.772310584783554077e-01,2.615147352218627930e+00
-6.125648692250251770e-02,3.179071426391601562e+00
-5.592398047447204590e-01,2.937668561935424805e+00
-2.830184102058410645e-01,3.023631572723388672e+00
-4.914340078830718994e-01,2.876507282257080078e+00
-2.595945596694946289e-01,2.667529821395874023e+00
4.889959990978240967e-01,3.093621253967285156e+00
-2.071429640054702759e-01,2.618300199508666992e+00
2.101419419050216675e-01,2.542726993560791016e+00
-1.407309919595718384e-01,2.586442947387695312e+00
-6.771075129508972168e-01,2.811560392379760742e+00
-3.933997750282287598e-01,2.791073083877563477e+00
-1.385618448257446289e-01,2.760498285293579102e+00
1.836032420396804810e-02,2.998484849929809570e+00
2.532662451267242432e-01,2.827331304550170898e+00
4.406700730323791504e-01,2.895803451538085938e+00
-3.665519058704376221e-01,2.678801298141479492e+00
1.158061623573303223e-01,2.715672969818115234e+00
-3.455680012702941895e-01,2.740938901901245117e+00
5.179444327950477600e-02,2.784175872802734375e+00
1.495718955993652344e-01,2.845825910568237305e+00
-1.481807827949523926e-01,2.920242309570312500e+00
3.102731108665466309e-01,2.854593753814697266e+00
3.895898163318634033e-01,2.860603332519531250e+00
3.089488744735717773e-01,2.823850870132446289e+00
2.927210032939910889e-01,2.914569377899169922e+00
2.581302225589752197e-01,2.832496166229248047e+00
1.180030852556228638e-01,2.645205974578857422e+00
5.955958366394042969e-01,2.984523057937622070e+00
5.308415293693542480e-01,3.198684453964233398e+00
2.758596539497375488e-01,2.793534994125366211e+00
4.450041055679321289e-01,2.894673585891723633e+00
2.246808260679244995e-01,3.032782077789306641e+00
-1.450031250715255737e-01,2.622031450271606445e+00
3.418146073818206787e-01,3.026538848876953125e+00
3.490126430988311768e-01,2.965875625610351562e+00
3.307916820049285889e-01,2.884057760238647461e+00
2.022205889225006104e-01,2.759893655776977539e+00
3.595491051673889160e-01,2.951435565948486328e+00
2.319077104330062866e-01,2.954948186874389648e+00
-2.620687894523143768e-02,2.565215110778808594e+00
-1.972995512187480927e-02,2.507439374923706055e+00
2.085911780595779419e-01,2.806395053863525391e+00
-4.301976296119391918e-04,2.878269195556640625e+00
7.554215937852859497e-02,2.715510368347167969e+00
-2.997719310224056244e-02,2.788481712341308594e+00
8.002559095621109009e-02,2.632744312286376953e+00
-1.038539968430995941e-02,2.908414363861083984e+00
1.138039156794548035e-01,2.781332969665527344e+00
1.212034076452255249e-01,2.781078815460205078e+00
-2.867044508457183838e-01,2.769356727600097656e+00
1.084016263484954834e-01,2.664036273956298828e+00
2.499222308397293091e-01,2.786508083343505859e+00
2.050993442535400391e-01,2.891080379486083984e+00
3.475363850593566895e-01,2.887347936630249023e+00
4.378453791141510010e-01,2.972112655639648438e+00
2.611572444438934326e-01,2.783088684082031250e+00
-8.412995934486389160e-02,2.757416248321533203e+00
2.204372435808181763e-01,2.781896591186523438e+00
-6.344196200370788574e-02,2.748083114624023438e+00
-7.269756495952606201e-02,2.932701349258422852e+00
2.708622813224792480e-01,2.824692249298095703e+00
7.811620086431503296e-02,3.024603366851806641e+00
1.060825511813163757e-01,2.775100708007812500e+00
9.504501521587371826e-02,2.895468473434448242e+00
2.269941568374633789e-01,2.832619905471801758e+00
1.353332102298736572e-01,2.745520114898681641e+00
2.022257298231124878e-01,2.715985298156738281e+00
5.311812460422515869e-02,2.715207338333129883e+00
-3.108148574829101562e-01,2.628152847290039062e+00
-1.399663686752319336e-01,2.661918640136718750e+00
2.339689619839191437e-02,2.885775804519653320e+00
2.561002075672149658e-01,2.965905904769897461e+00
1.452120691537857056e-01,2.903041362762451172e+00
5.095003172755241394e-02,2.816986322402954102e+00
1.481216996908187866e-01,2.920779705047607422e+00
-5.585679411888122559e-02,2.882797718048095703e+00
3.696418553590774536e-02,2.842936754226684570e+00
-3.287713229656219482e-02,2.847797155380249023e+00
1.791030019521713257e-01,2.894414663314819336e+00
1.083280220627784729e-01,2.984534263610839844e+00
1.524025201797485352e-01,2.824155330657958984e+00
2.297490388154983521e-01,3.124389886856079102e+00
4.432923346757888794e-02,2.910164356231689453e+00
-1.509894244372844696e-02,2.852655649185180664e+00
-4.934522509574890137e-02,2.699508666992187500e+00
1.131566837430000305e-01,2.870449781417846680e+00
-1.629803627729415894e-01,2.675019502639770508e+00
-2.052410095930099487e-01,2.761501789093017578e+00
-1.283612102270126343e-01,2.904096603393554688e+00
-1.113664433360099792e-01,2.844054222106933594e+00
8.224772661924362183e-02,3.026354074478149414e+00
4.563685879111289978e-02,2.796163320541381836e+00
-1.313584297895431519e-01,2.641141414642333984e+00
-1.179641783237457275e-01,2.706391334533691406e+00
4.796350747346878052e-02,2.970228672027587891e+00
2.056711018085479736e-01,2.732809066772460938e+00
7.781497389078140259e-02,2.811578273773193359e+00
-5.935794487595558167e-02,2.745179891586303711e+00
9.903683327138423920e-03,2.831045150756835938e+00
1.653167754411697388e-01,2.891507387161254883e+00
-5.945822224020957947e-02,2.680966615676879883e+00
-1.885485947132110596e-01,2.855421543121337891e+00
-5.701117217540740967e-02,2.831156492233276367e+00
-2.673888504505157471e-01,2.980471611022949219e+00
-1.839486360549926758e-01,2.777316570281982422e+00
1.502598077058792114e-02,2.898533344268798828e+00
5.092293024063110352e-02,2.764177799224853516e+00
-2.552222609519958496e-01,2.831243515014648438e+00
-1.577116549015045166e-01,2.946690320968627930e+00
-1.626744121313095093e-01,2.877717971801757812e+00
-1.638374179601669312e-01,2.841661214828491211e+00
-9.581565111875534058e-02,3.028505325317382812e+00
-3.276582062244415283e-01,2.844251155853271484e+00
-1.199959889054298401e-01,2.981911182403564453e+00
7.180463522672653198e-02,2.854224205017089844e+00
-2.751695737242698669e-02,3.027378559112548828e+00
-1.200629547238349915e-01,2.936488151550292969e+00
-8.297543227672576904e-02,2.885700225830078125e+00
-6.543622165918350220e-02,2.799412965774536133e+00
-7.830175757408142090e-01,2.879106998443603516e+00
-1.608518213033676147e-01,2.825359582901000977e+00
-2.562282085418701172e-01,2.719850540161132812e+00
-2.924753725528717041e-01,2.935032367706298828e+00
-1.446375846862792969e-01,2.799952745437622070e+00
-3.061990141868591309e-01,3.069520473480224609e+00
-5.143810510635375977e-01,2.939368963241577148e+00
-4.165932834148406982e-01,2.799119472503662109e+00
-7.497102767229080200e-02,2.939813137054443359e+00
-1.162525452673435211e-02,2.977521896362304688e+00
-1.055484637618064880e-01,2.797730207443237305e+00
-1.435264647006988525e-01,2.761856555938720703e+00
-3.345849812030792236e-01,2.920925378799438477e+00
-5.787122845649719238e-01,2.899352788925170898e+00
-8.479117602109909058e-02,2.939920663833618164e+00
-2.335728108882904053e-01,2.962669372558593750e+00
-2.649178504943847656e-01,2.786202669143676758e+00
-2.312087863683700562e-01,3.058630943298339844e+00
-2.382620573043823242e-01,2.809916257858276367e+00
-2.592979371547698975e-01,2.942972898483276367e+00
-5.841436982154846191e-01,2.868734836578369141e+00
-2.892910838127136230e-01,2.735964775085449219e+00
-9.539527446031570435e-02,2.940724611282348633e+00
-3.928416967391967773e-01,2.878104925155639648e+00
-2.350882440805435181e-01,2.866848945617675781e+00
-3.619463145732879639e-01,3.081121206283569336e+00
-2.721708118915557861e-01,2.985615015029907227e+00
-2.812297642230987549e-01,2.857729434967041016e+00
-3.941293358802795410e-01,2.996773004531860352e+00
-1.807692945003509521e-01,2.757039546966552734e+00
-3.456274569034576416e-01,2.878509283065795898e+00
-5.486077070236206055e-01,2.915775775909423828e+00
-3.356976509094238281e-01,3.073479175567626953e+00
-5.263198018074035645e-01,3.144992113113403320e+00
-4.871227443218231201e-01,2.931090593338012695e+00
-3.966712653636932373e-01,3.057679176330566406e+00
-5.286847352981567383e-01,2.845446348190307617e+00
-5.264443755149841309e-01,2.784756422042846680e+00
-2.434523999691009521e-01,2.893397569656372070e+00
-2.199417948722839355e-01,3.038585901260375977e+00
-4.287459552288055420e-01,2.913267612457275391e+00
-9.597880244255065918e-01,3.249782085418701172e+00
-7.097585797309875488e-01,2.843055486679077148e+00
-5.059943795204162598e-01,2.741156578063964844e+00
-4.650918543338775635e-01,2.757002830505371094e+00
-3.255841434001922607e-01,3.067326784133911133e+00
-6.362708806991577148e-01,2.996501684188842773e+00
-7.593722939491271973e-01,2.919678926467895508e+00
-3.782736063003540039e-01,2.900218009948730469e+00
-2.765160501003265381e-01,3.059896945953369141e+00
-3.187638521194458008e-01,3.121821403503417969e+00
-1.519307941198348999e-01,3.011277437210083008e+00
-2.773368358612060547e-01,2.867654561996459961e+00
-5.288321971893310547e-01,3.119110345840454102e+00
-6.581044197082519531e-01,3.096326589584350586e+00
-5.312644243240356445e-01,2.877728462219238281e+00
-3.520397543907165527e-01,2.892071485519409180e+00
-2.381170094013214111e-01,2.911711454391479492e+00
-2.086109817028045654e-01,2.996770858764648438e+00
-4.854494333267211914e-01,3.015980482101440430e+00
-3.960044682025909424e-01,3.276596307754516602e+00
-7.232491970062255859e-01,3.165344715118408203e+00
-7.199301123619079590e-01,3.084047079086303711e+00
-6.161121726036071777e-01,2.962144136428833008e+00
-2.979241907596588135e-01,3.065630674362182617e+00
-5.373851656913757324e-01,2.956357479095458984e+00
-6.114175915718078613e-01,3.099049329757690430e+00
-5.224281549453735352e-01,3.119377851486206055e+00
-3.749569356441497803e-01,3.123889446258544922e+00
-5.567952990531921387e-01,3.179563283920288086e+00
-7.198286056518554688e-01,2.887582063674926758e+00
-4.722838401794433594e-01,3.142558574676513672e+00
-7.340360879898071289e-01,3.035664796829223633e+00
-5.487933158874511719e-01,3.236056566238403320e+00
-4.159856736660003662e-01,2.966747999191284180e+00
-4.626933336257934570e-01,3.035106658935546875e+00
-3.905186653137207031e-01,3.001125574111938477e+00
-6.599132418632507324e-01,3.179709196090698242e+00
-3.441906869411468506e-01,2.981032609939575195e+00
-3.588317334651947021e-01,3.084968328475952148e+00
-5.067290067672729492e-01,3.071903228759765625e+00
-6.133741736412048340e-01,3.151610374450683594e+00
-6.385946273803710938e-01,3.222746849060058594e+00
-6.015182137489318848e-01,3.051769733428955078e+00
-4.208327233791351318e-01,3.008362054824829102e+00
-3.677816092967987061e-01,3.205890655517578125e+00
-4.827471673488616943e-01,3.031303167343139648e+00
-3.029112517833709717e-01,3.208315134048461914e+00
-3.942664563655853271e-01,3.162358283996582031e+00
-6.797038316726684570e-01,3.210971117019653320e+00
-5.636883378028869629e-01,3.178449630737304688e+00
-4.059123694896697998e-01,3.125953912734985352e+00
-6.690708398818969727e-01,3.092377185821533203e+00
-4.625159502029418945e-01,3.096482515335083008e+00
-4.107233881950378418e-01,3.184945106506347656e+00
-5.927510857582092285e-01,3.171778440475463867e+00
-8.448377847671508789e-01,3.340405464172363281e+00
-4.164362549781799316e-01,3.407713651657104492e+00
-7.600117325782775879e-01,3.157737016677856445e+00
-7.666070461273193359e-01,3.328921079635620117e+00
-5.769145488739013672e-01,3.387295484542846680e+00
-7.376571893692016602e-01,3.374731540679931641e+00
-3.208236992359161377e-01,3.151808500289916992e+00
-6.600212454795837402e-01,3.285724163055419922e+00
-6.118370890617370605e-01,3.256325721740722656e+00
-4.682037532329559326e-01,3.255400180816650391e+00
-4.613473713397979736e-01,3.130324125289916992e+00
-6.738508343696594238e-01,3.445267438888549805e+00
-8.000683188438415527e-01,3.276332139968872070e+00
-6.940382719039916992e-01,3.625281333923339844e+00
-6.042796969413757324e-01,3.424444198608398438e+00
-6.908683180809020996e-01,3.230788469314575195e+00
-7.127217650413513184e-01,3.194421768188476562e+00
-4.791512191295623779e-01,3.219380140304565430e+00
-6.913561224937438965e-01,3.411341428756713867e+00
-5.991223454475402832e-01,3.339448690414428711e+00
-7.291423082351684570e-01,3.332482576370239258e+00
-3.977403938770294189e-01,3.362753868103027344e+00
-4.897937476634979248e-01,3.304515361785888672e+00
-3.880871236324310303e-01,3.266483545303344727e+00
-5.561989545822143555e-01,3.434181451797485352e+00
-6.153022646903991699e-01,3.609307765960693359e+00
-4.656194150447845459e-01,3.350876092910766602e+00
-5.550215840339660645e-01,3.240038156509399414e+00
-4.387575984001159668e-01,3.218427419662475586e+00
-5.799889564514160156e-01,3.457014322280883789e+00
-5.584091544151306152e-01,3.391065597534179688e+00
-5.897130370140075684e-01,3.339414119720458984e+00
-7.779574394226074219e-01,3.639773607254028320e+00
-5.296874642372131348e-01,3.430602312088012695e+00
-6.723969578742980957e-01,3.316465616226196289e+00
-6.804465055465698242e-01,3.407790422439575195e+00
-4.691520929336547852e-01,3.535198450088500977e+00
-5.885526537895202637e-01,3.497340202331542969e+00
-5.878822803497314453e-01,3.470019102096557617e+00
-5.130116343498229980e-01,3.368571996688842773e+00
-5.919539928436279297e-01,3.301828145980834961e+00
-6.498597860336303711e-01,3.597789525985717773e+00
-5.883946418762207031e-01,3.456283807754516602e+00
-3.534666895866394043e-01,3.345156669616699219e+00
-5.341055393218994141e-01,3.299325704574584961e+00
-5.617678761482238770e-01,3.553810358047485352e+00
-6.359298825263977051e-01,3.448482275009155273e+00
-4.179159402847290039e-01,3.438261747360229492e+00
-5.304610729217529297e-01,3.428935527801513672e+00
-5.910255312919616699e-01,3.506618976593017578e+00
-3.913293480873107910e-01,3.534850120544433594e+00
-5.556421875953674316e-01,3.544656038284301758e+00
-5.958631038665771484e-01,3.505545377731323242e+00
-6.923959851264953613e-01,3.579281568527221680e+00
-4.951553642749786377e-01,3.569904088973999023e+00
-5.241021513938903809e-01,3.403855800628662109e+00
-3.690139055252075195e-01,3.688501358032226562e+00
-6.824138760566711426e-01,3.647003412246704102e+00
-5.782752037048339844e-01,3.573880672454833984e+00
-5.409289598464965820e-01,3.521431922912597656e+00
-5.805660486221313477e-01,3.642807722091674805e+00
-5.800750851631164551e-01,3.710725784301757812e+00
-4.556513428688049316e-01,3.478581905364990234e+00
-6.856692433357238770e-01,3.473923683166503906e+00
-5.297219753265380859e-01,3.420803070068359375e+00
-4.276942014694213867e-01,4.029382228851318359e+00
-6.888582706451416016e-01,3.703836441040039062e+00
-6.595831513404846191e-01,3.660838365554809570e+00
-4.917758107185363770e-01,3.597176074981689453e+00
-5.812423229217529297e-01,3.678194522857666016e+00
-7.156374454498291016e-01,3.794364929199218750e+00
-5.728158354759216309e-01,3.624266624450683594e+00
-5.910238623619079590e-01,3.754166126251220703e+00
-5.944954752922058105e-01,3.447526216506958008e+00
-4.392466545104980469e-01,3.812698364257812500e+00
-6.004126667976379395e-01,3.681678295135498047e+00
-4.669275879859924316e-01,3.660969734191894531e+00
-3.551468551158905029e-01,3.762430667877197266e+00
-3.764658868312835693e-01,3.568075180053710938e+00
-6.079608201980590820e-01,3.720459461212158203e+00
-4.131021499633789062e-01,3.741460084915161133e+00
-5.405131578445434570e-01,4.091164588928222656e+00
-4.675589799880981445e-01,3.705645561218261719e+00
-4.307238459587097168e-01,3.707586765289306641e+00
-3.777440786361694336e-01,3.625243663787841797e+00
-5.399346351623535156e-01,3.869408369064331055e+00
-3.851862549781799316e-01,3.874973297119140625e+00
-4.662636518478393555e-01,4.050915718078613281e+00
-5.284625291824340820e-01,3.644226551055908203e+00
-4.665192663669586182e-01,3.744841814041137695e+00
-3.851869404315948486e-01,3.896632432937622070e+00
-5.340789556503295898e-01,3.796683311462402344e+00
-4.474535882472991943e-01,4.031414985656738281e+00
-4.661453664302825928e-01,3.709518671035766602e+00
-3.948299586772918701e-01,4.015565395355224609e+00
-5.321643948554992676e-01,3.950593948364257812e+00
-4.908228814601898193e-01,3.754953145980834961e+00
-5.132243037223815918e-01,3.907669544219970703e+00
-5.027134418487548828e-01,3.852663516998291016e+00
-4.824542701244354248e-01,3.878582477569580078e+00
-4.491686820983886719e-01,3.902209281921386719e+00
-4.284381866455078125e-01,3.977431297302246094e+00
-4.303342998027801514e-01,3.875120639801025391e+00
-4.422555565834045410e-01,3.879203557968139648e+00
-4.632245898246765137e-01,3.783931493759155273e+00
-5.203954577445983887e-01,3.796615600585937500e+00
-4.503966569900512695e-01,3.771845579147338867e+00
-3.527168333530426025e-01,3.710213184356689453e+00
-4.256440401077270508e-01,3.977270364761352539e+00
-3.443653285503387451e-01,4.050064563751220703e+00
-2.260046303272247314e-01,3.946967124938964844e+00
-2.752093374729156494e-01,4.049128532409667969e+00
-3.497443795204162598e-01,4.003551006317138672e+00
-3.518519997596740723e-01,3.942172050476074219e+00
-4.724335372447967529e-01,3.986531257629394531e+00
-3.389611542224884033e-01,3.907370567321777344e+00
-2.376340031623840332e-01,4.165934562683105469e+00
-3.033964931964874268e-01,4.023644447326660156e+00
-2.217146307229995728e-01,3.913099050521850586e+00
-1.158187016844749451e-01,4.349113941192626953e+00
6.443687528371810913e-02,4.338814735412597656e+00
-4.582528769969940186e-02,4.219554901123046875e+00
-7.209473103284835815e-02,4.315781593322753906e+00
-1.296469718217849731e-01,4.090117454528808594e+00
-1.248250454664230347e-01,4.140321731567382812e+00
9.449362009763717651e-02,4.498139381408691406e+00
2.108613550662994385e-01,4.466738224029541016e+00
3.275563567876815796e-02,4.283434391021728516e+00
8.624395728111267090e-02,4.393148899078369141e+00
5.328369736671447754e-01,4.477734088897705078e+00
4.656869173049926758e-02,4.475395202636718750e+00
1.883108317852020264e-01,4.410701751708984375e+00
1.012223660945892334e-01,4.454319000244140625e+00
1.481294929981231689e-01,4.399223327636718750e+00
2.875281870365142822e-01,4.374090671539306641e+00
2.835609018802642822e-01,4.345029830932617188e+00
7.575139403343200684e-02,4.394668102264404297e+00
3.736210763454437256e-01,4.473491668701171875e+00
2.363453507423400879e-01,4.354126930236816406e+00
6.552661955356597900e-02,4.491742134094238281e+00
2.126213014125823975e-01,4.467734336853027344e+00
2.449926584959030151e-01,4.605495929718017578e+00
3.026853203773498535e-01,4.398292541503906250e+00
3.566748797893524170e-01,4.425967693328857422e+00
3.187139704823493958e-02,4.329815864562988281e+00
2.616929113864898682e-01,4.403810501098632812e+00
4.804147481918334961e-01,4.525857448577880859e+00
1.793933063745498657e-01,4.387265682220458984e+00
4.438475668430328369e-01,4.375147342681884766e+00
4.889475107192993164e-01,4.534438610076904297e+00
3.853506445884704590e-01,4.376562595367431641e+00
3.772178888320922852e-01,4.528589248657226562e+00
9.100565910339355469e-01,4.942263603210449219e+00
6.226122975349426270e-01,4.630656242370605469e+00
7.831377387046813965e-01,4.328486919403076172e+00
4.627296328544616699e-01,4.571954727172851562e+00
5.426289439201354980e-01,4.322080612182617188e+00
6.363173127174377441e-01,4.420851230621337891e+00
3.611013889312744141e-01,4.413076400756835938e+00
5.782358050346374512e-01,4.586151599884033203e+00
7.373312115669250488e-01,4.529887676239013672e+00
6.265528798103332520e-01,4.706097602844238281e+00
6.220484972000122070e-01,4.680821895599365234e+00
5.886703729629516602e-01,4.406167030334472656e+00
5.338401198387145996e-01,4.398868083953857422e+00
1.026389241218566895e+00,4.776909351348876953e+00
8.618190884590148926e-01,4.618191242218017578e+00
7.057105898857116699e-01,4.504892826080322266e+00
8.700670003890991211e-01,4.453532695770263672e+00
7.732827067375183105e-01,4.599175453186035156e+00
1.527807831764221191e+00,4.819492816925048828e+00
1.439500331878662109e+00,4.714210510253906250e+00
1.597826838493347168e+00,4.858006477355957031e+00
8.266422748565673828e-01,4.405048847198486328e+00
1.442836403846740723e+00,4.610356330871582031e+00
1.178823828697204590e+00,4.681861877441406250e+00
1.369136095046997070e+00,4.657703876495361328e+00
1.009305715560913086e+00,4.642484188079833984e+00
1.360062599182128906e+00,4.813230037689208984e+00
1.234895586967468262e+00,4.673198699951171875e+00
1.369863152503967285e+00,4.739502906799316406e+00
1.458896756172180176e+00,4.740321159362792969e+00
9.545893669128417969e-01,4.563931941986083984e+00
1.093185663223266602e+00,4.645418167114257812e+00
1.108503341674804688e+00,4.552568435668945312e+00
1.545363426208496094e+00,4.612703800201416016e+00
1.722590446472167969e+00,4.806445598602294922e+00
1.513367056846618652e+00,4.501142501831054688e+00
1.189300894737243652e+00,4.462819099426269531e+00
1.677767992019653320e+00,4.694764137268066406e+00
1.455369472503662109e+00,4.570942401885986328e+00
1.755108714103698730e+00,4.466617584228515625e+00
1.495615839958190918e+00,4.421353340148925781e+00
1.163231730461120605e+00,4.511925697326660156e+00
1.798322677612304688e+00,4.748376369476318359e+00
1.556385278701782227e+00,4.828145980834960938e+00
1.626825094223022461e+00,4.525534629821777344e+00
1.302292108535766602e+00,4.616609096527099609e+00
1.808010101318359375e+00,4.406552314758300781e+00
1.885476112365722656e+00,4.614977359771728516e+00
1.006390333175659180e+00,4.486087799072265625e+00
1.438135623931884766e+00,4.549730300903320312e+00
1.743609189987182617e+00,4.551998138427734375e+00
1.390990376472473145e+00,4.343463420867919922e+00
1.708924889564514160e+00,4.492197513580322266e+00
1.825013041496276855e+00,4.590333938598632812e+00
1.676279902458190918e+00,4.707883358001708984e+00
1.808902263641357422e+00,4.548528194427490234e+00
1.850751876831054688e+00,4.547605514526367188e+00
1.668101072311401367e+00,4.488931655883789062e+00
1.834157586097717285e+00,4.276312351226806641e+00
1.917733430862426758e+00,4.368561267852783203e+00
1.776042103767395020e+00,4.361061573028564453e+00
1.616493463516235352e+00,4.538788318634033203e+00
1.893888354301452637e+00,4.337664604187011719e+00
2.086130619049072266e+00,4.381497859954833984e+00
1.680957078933715820e+00,4.244850635528564453e+00
1.896373152732849121e+00,4.241550922393798828e+00
1.619482517242431641e+00,4.290900707244873047e+00
1.629052281379699707e+00,4.492195606231689453e+00
1.684138059616088867e+00,4.208691120147705078e+00
2.036650896072387695e+00,4.420888900756835938e+00
1.567044138908386230e+00,4.298783779144287109e+00
2.055485486984252930e+00,4.287609577178955078e+00
1.740931987762451172e+00,4.313797473907470703e+00
1.425483942031860352e+00,4.248261451721191406e+00
1.585109949111938477e+00,4.402134418487548828e+00
1.916168808937072754e+00,4.165276527404785156e+00
1.863044023513793945e+00,4.069048881530761719e+00
1.765178918838500977e+00,4.313314437866210938e+00
1.984221458435058594e+00,4.228354454040527344e+00
2.005164146423339844e+00,4.219244480133056641e+00
1.538543939590454102e+00,4.008525848388671875e+00
1.643821835517883301e+00,4.192260742187500000e+00
1.966818809509277344e+00,4.234549045562744141e+00
2.111186504364013672e+00,3.989487171173095703e+00
2.072319030761718750e+00,4.163669586181640625e+00
2.078292131423950195e+00,4.096746444702148438e+00
2.172434568405151367e+00,3.981828212738037109e+00
1.979499578475952148e+00,4.078989982604980469e+00
1.865246653556823730e+00,4.059593677520751953e+00
1.869923710823059082e+00,4.163066864013671875e+00
1.908504605293273926e+00,4.027648925781250000e+00
1.727756857872009277e+00,4.166052818298339844e+00
2.070579528808593750e+00,4.014382839202880859e+00
1.704113364219665527e+00,3.985555410385131836e+00
1.890344619750976562e+00,4.027477741241455078e+00
2.011554479598999023e+00,3.933188915252685547e+00
1.827258944511413574e+00,3.965358734130859375e+00
1.964522004127502441e+00,3.846314430236816406e+00
1.798418521881103516e+00,3.887496471405029297e+00
1.806793808937072754e+00,4.161447525024414062e+00
1.756257176399230957e+00,4.108248233795166016e+00
2.085923433303833008e+00,3.800106525421142578e+00
1.892951250076293945e+00,3.985082626342773438e+00
1.779948830604553223e+00,3.789374351501464844e+00
1.942611336708068848e+00,3.692933320999145508e+00
2.025577545166015625e+00,3.793691873550415039e+00
2.091676235198974609e+00,3.754021883010864258e+00
1.918782949447631836e+00,3.916035413742065430e+00
2.010858774185180664e+00,3.819591283798217773e+00
1.891241788864135742e+00,4.008762359619140625e+00
1.675152540206909180e+00,3.804294586181640625e+00
1.886839985847473145e+00,3.597508668899536133e+00
2.012569427490234375e+00,3.713299036026000977e+00
2.123080492019653320e+00,3.430034160614013672e+00
2.024102926254272461e+00,3.670809507369995117e+00
2.094086408615112305e+00,3.581500291824340820e+00
2.039898157119750977e+00,3.537039279937744141e+00
2.013185262680053711e+00,3.613312482833862305e+00
2.083938837051391602e+00,3.475005149841308594e+00
1.974678158760070801e+00,3.374817609786987305e+00
1.915907025337219238e+00,3.479723215103149414e+00
1.562105298042297363e+00,3.332112789154052734e+00
1.975815176963806152e+00,3.523603200912475586e+00
1.961943268775939941e+00,3.557823657989501953e+00
1.894591450691223145e+00,3.508399486541748047e+00
1.660176396369934082e+00,3.585340976715087891e+00
1.255200624465942383e+00,2.840866327285766602e+00
1.145019292831420898e+00,2.951229810714721680e+00
1.463327646255493164e+00,3.551092147827148438e+00
1.944171309471130371e+00,3.199232101440429688e+00
1.809140443801879883e+00,3.289595603942871094e+00
1.495786547660827637e+00,3.430163621902465820e+00
1.598410725593566895e+00,3.202832698822021484e+00
1.927439093589782715e+00,3.320327043533325195e+00
1.567123532295227051e+00,3.459123373031616211e+00
1.742237448692321777e+00,3.579288005828857422e+00
1.633644580841064453e+00,3.368652343750000000e+00
1.288494586944580078e+00,3.175063371658325195e+00
1.659662485122680664e+00,3.354315757751464844e+00
1.953232049942016602e+00,2.952354907989501953e+00
1.837986469268798828e+00,3.068495988845825195e+00
1.276551604270935059e+00,2.224739551544189453e+00
1.584535479545593262e+00,3.071732521057128906e+00
1.841768622398376465e+00,2.914607048034667969e+00
1.568779468536376953e+00,2.947548866271972656e+00
1.849986910820007324e+00,3.282349586486816406e+00
1.767785668373107910e+00,2.994001150131225586e+00
1.705071091651916504e+00,3.112198352813720703e+00
1.837746739387512207e+00,2.843462228775024414e+00
1.725426316261291504e+00,3.165578126907348633e+00
1.090806365013122559e+00,2.152331113815307617e+00
1.613856673240661621e+00,2.409561395645141602e+00
1.434926271438598633e+00,3.205842256546020508e+00
1.537719726562500000e+00,2.777901172637939453e+00
1.525307059288024902e+00,2.784374475479125977e+00
1.678756356239318848e+00,3.231377840042114258e+00
1.589467048645019531e+00,2.977456092834472656e+00
1.641632437705993652e+00,3.153641223907470703e+00
1.566988110542297363e+00,2.599609136581420898e+00
1.476347446441650391e+00,2.338734149932861328e+00
1.644014000892639160e+00,2.711420536041259766e+00
1.563358187675476074e+00,2.694106340408325195e+00
1.659928917884826660e+00,2.801395416259765625e+00
1.552253484725952148e+00,2.877364635467529297e+00
1.669198274612426758e+00,2.931596755981445312e+00
1.420398354530334473e+00,2.603842496871948242e+00
1.531995296478271484e+00,2.872169494628906250e+00
7.331025004386901855e-01,1.975952625274658203e+00
1.274312615394592285e+00,2.533046960830688477e+00
1.677010655403137207e+00,2.628366231918334961e+00
1.591609716415405273e+00,2.598442792892456055e+00
1.507206559181213379e+00,2.496244430541992188e+00
1.250015139579772949e+00,2.352152824401855469e+00
1.570098161697387695e+00,2.437124729156494141e+00
1.413766145706176758e+00,2.207032680511474609e+00
9.690254330635070801e-01,2.168944597244262695e+00
1.287105441093444824e+00,2.276072978973388672e+00
1.253477454185485840e+00,2.258923530578613281e+00
8.010507225990295410e-01,2.027675867080688477e+00
1.229390621185302734e+00,2.185640573501586914e+00
1.194481372833251953e+00,2.588485002517700195e+00
1.067163348197937012e+00,2.465296268463134766e+00
1.220569252967834473e+00,2.631983757019042969e+00
1.252464413642883301e+00,2.391636133193969727e+00
9.776067137718200684e-01,2.650670051574707031e+00
1.317309141159057617e+00,2.411030769348144531e+00
1.270340919494628906e+00,2.042460441589355469e+00
1.039610147476196289e+00,3.006360530853271484e+00
1.207125782966613770e+00,2.415347337722778320e+00
1.160957574844360352e+00,2.371353387832641602e+00
1.196479201316833496e+00,2.544470787048339844e+00
7.748008966445922852e-01,2.911137342453002930e+00
8.906974196434020996e-01,2.695285797119140625e+00
6.032304167747497559e-01,2.645739793777465820e+00
1.173642039299011230e+00,2.248632431030273438e+00
9.597297906875610352e-01,2.257231473922729492e+00
9.212569594383239746e-01,2.280713319778442383e+00
7.847165465354919434e-01,2.266848325729370117e+00
9.043250679969787598e-01,2.275243282318115234e+00
1.083318352699279785e+00,2.228252172470092773e+00
4.326544702053070068e-01,2.137732982635498047e+00
8.092468380928039551e-01,1.942784547805786133e+00
6.013833880424499512e-01,2.262247800827026367e+00
5.480058193206787109e-01,2.228007316589355469e+00
7.574799060821533203e-01,2.104917526245117188e+00
1.036441802978515625e+00,2.235688686370849609e+00
6.404129862785339355e-01,3.192667245864868164e+00
6.688324809074401855e-01,2.768310308456420898e+00
5.994383096694946289e-01,3.019501447677612305e+00
4.550517201423645020e-01,2.509793519973754883e+00
4.747504889965057373e-01,1.844194412231445312e+00
3.039340078830718994e-01,1.982370138168334961e+00
6.481881141662597656e-01,2.120039939880371094e+00
6.553935408592224121e-01,2.200426816940307617e+00
4.783207476139068604e-01,2.931370973587036133e+00
4.844534993171691895e-01,2.034042596817016602e+00
2.943075895309448242e-01,2.143564462661743164e+00
5.504314899444580078e-01,2.968684911727905273e+00
1.903692930936813354e-01,1.928125262260437012e+00
3.323529660701751709e-02,2.139802455902099609e+00
1.328048575669527054e-02,1.726732850074768066e+00
4.577814340591430664e-01,2.009394645690917969e+00
5.032535791397094727e-01,2.689716339111328125e+00
-3.351282179355621338e-01,1.739713430404663086e+00
5.335209146142005920e-02,2.017326593399047852e+00
4.302513301372528076e-01,2.587240934371948242e+00
-5.820237472653388977e-02,2.241321563720703125e+00
4.371369183063507080e-01,2.805460929870605469e+00
1.623692661523818970e-01,2.760490894317626953e+00
3.336678445339202881e-01,1.803672075271606445e+00
-1.949287652969360352e-01,1.878561139106750488e+00
-1.313851177692413330e-01,2.099437475204467773e+00
-1.044886335730552673e-01,2.025161743164062500e+00
-1.407525688409805298e-01,1.844196557998657227e+00
4.774128198623657227e-01,2.107711076736450195e+00
-3.144099116325378418e-01,1.647776722908020020e+00
-6.250937581062316895e-01,2.249633073806762695e+00
1.499416083097457886e-01,2.316041707992553711e+00
-1.117096900939941406e+00,2.824399709701538086e+00
-1.133259415626525879e+00,2.672806739807128906e+00
-1.376302003860473633e+00,3.473456144332885742e+00
2.978035211563110352e-01,3.104260921478271484e+00
-1.654252886772155762e+00,3.302197456359863281e+00
-9.349628090858459473e-01,2.937582969665527344e+00
-2.524046421051025391e+00,4.121249198913574219e+00
-6.771615743637084961e-01,3.618607044219970703e+00
-1.755264163017272949e+00,3.247587919235229492e+00
-7.915288209915161133e-01,3.081452846527099609e+00
-1.637941956520080566e+00,3.751380920410156250e+00
-1.425459384918212891e+00,3.422814369201660156e+00
-2.585620403289794922e+00,4.333520889282226562e+00
-1.588281154632568359e+00,3.303264856338500977e+00
-2.402533531188964844e+00,4.125148773193359375e+00
-1.862383365631103516e+00,3.623521566390991211e+00
-2.035839557647705078e+00,3.830461740493774414e+00
-8.519531488418579102e-01,3.184784412384033203e+00
-5.101956129074096680e-01,3.257230758666992188e+00
-1.216887950897216797e+00,2.935336589813232422e+00
-1.389177799224853516e+00,3.067419290542602539e+00
-2.215354442596435547e+00,3.784409046173095703e+00
-2.684422254562377930e+00,4.648730278015136719e+00
-2.124300718307495117e+00,4.159779548645019531e+00
-7.544543147087097168e-01,3.877174615859985352e+00
-1.135389685630798340e+00,3.122414112091064453e+00
-2.341984272003173828e+00,4.162350654602050781e+00
-9.443680644035339355e-01,3.261384725570678711e+00
-1.817764639854431152e+00,3.832789182662963867e+00
-2.228189945220947266e+00,4.018067836761474609e+00
-1.761987924575805664e+00,4.139253616333007812e+00
-1.583814144134521484e+00,3.764962434768676758e+00
-7.226324081420898438e-01,3.771337032318115234e+00
-6.510414481163024902e-01,3.928049564361572266e+00
-9.877669215202331543e-01,3.658403635025024414e+00
-2.391577482223510742e+00,5.051978588104248047e+00
-2.554164648056030273e+00,4.453135967254638672e+00
-2.715461492538452148e+00,4.702711582183837891e+00
-1.084387779235839844e+00,3.497445583343505859e+00
-2.476292848587036133e+00,4.563163280487060547e+00
-2.107746124267578125e+00,4.529830455780029297e+00
-2.262855529785156250e+00,4.740416526794433594e+00
-2.642729759216308594e+00,4.864332675933837891e+00
-2.456676721572875977e+00,5.471197605133056641e+00
-2.465869903564453125e+00,4.350271224975585938e+00
-2.661671638488769531e+00,4.848104476928710938e+00
-2.410620927810668945e+00,4.694119453430175781e+00
-2.369275093078613281e+00,4.949150085449218750e+00
-1.106954693794250488e+00,4.920870780944824219e+00
-1.747243881225585938e+00,4.380741596221923828e+00
-2.116135120391845703e+00,4.314183235168457031e+00
-2.090328216552734375e+00,4.728172779083251953e+00
1.921941161155700684e+00,5.085228443145751953e+00
2.074779033660888672e+00,5.058644771575927734e+00
-2.190552473068237305e+00,4.513417720794677734e+00
-2.055907487869262695e+00,5.041885852813720703e+00
-1.834192037582397461e+00,4.037158489227294922e+00
-2.478553771972656250e+00,4.414403915405273438e+00
-2.326575756072998047e+00,4.810316085815429688e+00
-2.131635427474975586e+00,4.862753868103027344e+00
-2.549700975418090820e+00,5.042356967926025391e+00
-1.916857361793518066e+00,5.283580303192138672e+00
-2.370144367218017578e+00,5.423940181732177734e+00
-2.251214504241943359e+00,5.219996929168701172e+00
-2.144255876541137695e+00,5.259582996368408203e+00
-2.078037977218627930e+00,4.771147251129150391e+00
-2.332370042800903320e+00,4.480735301971435547e+00
-2.246765375137329102e+00,5.747686386108398438e+00
-2.469953060150146484e+00,5.379456043243408203e+00
-2.314709901809692383e+00,5.578697204589843750e+00
-2.153661251068115234e+00,5.353475093841552734e+00
-2.393771648406982422e+00,4.958288192749023438e+00
-1.466716766357421875e+00,4.479134082794189453e+00
-2.280528068542480469e+00,5.403215408325195312e+00
-1.450977563858032227e+00,5.065519332885742188e+00
-2.057787418365478516e+00,5.494866847991943359e+00
-1.786423921585083008e+00,4.486205577850341797e+00
-1.871540307998657227e+00,4.368729114532470703e+00
-1.953404068946838379e+00,5.168676376342773438e+00
-2.088349103927612305e+00,5.796103477478027344e+00
-1.844352364540100098e+00,5.183916091918945312e+00
-1.856382608413696289e+00,5.071313381195068359e+00
-1.905183911323547363e+00,5.329822063446044922e+00
-1.702455282211303711e+00,6.007492065429687500e+00
-1.869488000869750977e+00,5.558770656585693359e+00
-1.891262531280517578e+00,5.972883701324462891e+00
-1.567492246627807617e+00,5.649886131286621094e+00
-1.719969749450683594e+00,4.936322212219238281e+00
-1.944231748580932617e+00,5.743548870086669922e+00
-1.679353475570678711e+00,5.630752086639404297e+00
-1.795073390007019043e+00,5.660520553588867188e+00
-1.473367571830749512e+00,5.476396083831787109e+00
-2.096115350723266602e+00,5.116481781005859375e+00
-1.317026019096374512e+00,5.817292690277099609e+00
-2.100894451141357422e+00,5.608442783355712891e+00
-9.978021383285522461e-01,6.276105403900146484e+00
-1.658983349800109863e+00,5.967495918273925781e+00
-1.199837923049926758e+00,6.176079273223876953e+00
-1.256799817085266113e+00,5.826958179473876953e+00
-1.583879351615905762e+00,5.169904708862304688e+00
-3.092877864837646484e-01,6.375637054443359375e+00
-1.180655717849731445e+00,6.254665374755859375e+00
-9.986303448677062988e-01,6.107503414154052734e+00
-1.452943205833435059e+00,5.764183998107910156e+00
-1.422167181968688965e+00,6.262298583984375000e+00
3.495418727397918701e-01,5.992719650268554688e+00
-1.179218649864196777e+00,5.666545867919921875e+00
7.293354868888854980e-01,5.923042297363281250e+00
-6.684302687644958496e-01,6.068672180175781250e+00
-5.588536858558654785e-01,6.300673484802246094e+00
7.543032765388488770e-01,5.907369613647460938e+00
-5.931298732757568359e-01,5.510221958160400391e+00
-6.325307488441467285e-01,6.016901969909667969e+00
-4.887383282184600830e-01,6.306565284729003906e+00
8.202824592590332031e-01,5.672995567321777344e+00
-5.396851897239685059e-01,6.377581596374511719e+00
-1.598582565784454346e-01,6.278565883636474609e+00
6.655285358428955078e-01,5.839496135711669922e+00
-5.989890694618225098e-01,6.146134853363037109e+00
5.445640683174133301e-01,5.967268943786621094e+00
2.369810491800308228e-01,6.099242210388183594e+00
-5.079686641693115234e-02,5.786273479461669922e+00
4.398145973682403564e-01,6.057949066162109375e+00
6.950504779815673828e-01,5.817711830139160156e+00
-3.081753551959991455e-01,5.722942352294921875e+00
2.721327841281890869e-01,3.749519586563110352e+00
-5.995128750801086426e-01,5.363605499267578125e+00
8.787354081869125366e-02,5.979910373687744141e+00
2.029364705085754395e-01,5.373457908630371094e+00
-6.470338702201843262e-01,6.497991561889648438e+00
-9.177594184875488281e-01,5.527576446533203125e+00
1.902744472026824951e-01,5.671168327331542969e+00
-6.392778158187866211e-01,6.411777019500732422e+00
3.564742160961031914e-03,6.099457740783691406e+00
-3.421621024608612061e-01,5.840378284454345703e+00
-9.376017004251480103e-02,5.925376892089843750e+00
-5.315805226564407349e-02,6.215110778808593750e+00
-4.743083715438842773e-01,5.500425815582275391e+00
-6.680831909179687500e-01,5.414308071136474609e+00
2.946611642837524414e-01,3.194669246673583984e+00
-1.041604131460189819e-01,3.693244934082031250e+00
-7.209718823432922363e-01,6.209410190582275391e+00
-5.565389394760131836e-01,4.617417335510253906e+00
-6.026217937469482422e-01,6.101432323455810547e+00
-8.260908722877502441e-02,3.665403366088867188e+00
-8.813108205795288086e-01,6.095692157745361328e+00
3.536771535873413086e-01,5.710075855255126953e+00
-6.869876980781555176e-01,3.454629421234130859e+00
-3.791128098964691162e-01,4.683275222778320312e+00
-1.038056612014770508e+00,5.826694965362548828e+00
1.061950065195560455e-02,4.001691341400146484e+00
-2.320508956909179688e-01,6.126982212066650391e+00
-1.059595048427581787e-01,3.081577062606811523e+00
-2.205396741628646851e-01,5.158616065979003906e+00
1.390542685985565186e-01,3.927884101867675781e+00
-4.504796490073204041e-02,5.134159088134765625e+00
9.338757395744323730e-02,3.812117338180541992e+00
5.566280800849199295e-03,3.901788711547851562e+00
-1.016329899430274963e-01,4.227450370788574219e+00
-5.989476442337036133e-01,5.756098270416259766e+00
-1.644882857799530029e-01,3.883275747299194336e+00
-2.328272461891174316e-01,3.323282480239868164e+00
-6.517785042524337769e-02,4.034996509552001953e+00
7.158413529396057129e-02,3.932705402374267578e+00
-1.604544520378112793e-01,3.741039991378784180e+00
1.900346390902996063e-02,5.674283504486083984e+00
3.300903439521789551e-01,3.210269927978515625e+00
-2.729796767234802246e-01,5.828989982604980469e+00
4.260149896144866943e-01,3.445982933044433594e+00
-8.354701846837997437e-02,3.891438722610473633e+00
5.483812093734741211e-01,3.563487529754638672e+00
2.911608219146728516e-01,5.432015895843505859e+00
-1.571691781282424927e-01,5.417040824890136719e+00
-4.910901188850402832e-02,3.911249637603759766e+00
-7.406894117593765259e-02,3.526985168457031250e+00
2.907982096076011658e-02,4.041824340820312500e+00
3.201441168785095215e-01,5.584791183471679688e+00
-1.183767691254615784e-01,4.227297306060791016e+00
4.275314807891845703e-01,3.308954715728759766e+00
-1.386121958494186401e-01,3.782166719436645508e+00
2.843827307224273682e-01,5.481736660003662109e+00
5.038226395845413208e-02,3.796711444854736328e+00
-1.317609287798404694e-02,3.775189876556396484e+00
4.360711276531219482e-01,5.139234066009521484e+00
1.618032008409500122e-01,3.300691604614257812e+00
4.832390248775482178e-01,5.470552921295166016e+00
-6.955140829086303711e-02,3.815334320068359375e+00
-4.180064201354980469e-01,3.385163068771362305e+00
-9.383675642311573029e-03,3.765768051147460938e+00
7.137554138898849487e-02,3.910496711730957031e+00
3.709901869297027588e-01,3.511277198791503906e+00
1.213407963514328003e-01,3.801078319549560547e+00
-4.832564592361450195e-01,3.467845201492309570e+00
4.013664722442626953e-01,3.534087657928466797e+00
4.128015339374542236e-01,3.604699134826660156e+00
9.229313582181930542e-02,3.762501955032348633e+00
-1.493696719408035278e-01,3.924643516540527344e+00
-1.268696188926696777e-01,3.965457916259765625e+00
6.998948752880096436e-02,3.807271003723144531e+00
4.579833745956420898e-01,3.593220949172973633e+00
2.291549444198608398e-01,3.284583091735839844e+00
1.043076999485492706e-02,3.808002948760986328e+00
2.295631021261215210e-01,3.579669952392578125e+00
1.476495265960693359e-01,3.300374507904052734e+00
4.171532578766345978e-03,3.771735191345214844e+00
4.124372005462646484e-01,3.546041250228881836e+00
4.922540485858917236e-02,3.818989753723144531e+00
3.143663108348846436e-01,3.439695358276367188e+00
2.878650724887847900e-01,3.625786304473876953e+00
1.013307720422744751e-01,3.720980882644653320e+00
4.590957760810852051e-01,3.681169509887695312e+00
3.573796749114990234e-01,3.596192121505737305e+00
1.728149205446243286e-01,3.663035869598388672e+00
-4.521139338612556458e-02,3.792610168457031250e+00
-1.435036808252334595e-01,3.599015474319458008e+00
-7.393436133861541748e-02,3.649959802627563477e+00
4.070035517215728760e-01,3.493532657623291016e+00
-6.901932507753372192e-02,3.764803171157836914e+00
-1.339088380336761475e-01,3.735844373703002930e+00
1.391457617282867432e-01,3.727351427078247070e+00
2.817628085613250732e-01,3.518287897109985352e+00
3.054873943328857422e-01,3.223669528961181641e+00
-4.854325652122497559e-01,2.911092519760131836e+00
3.486092090606689453e-01,3.432444572448730469e+00
3.982448875904083252e-01,3.344913005828857422e+00
6.307238363660871983e-04,3.682112216949462891e+00
2.514695227146148682e-01,3.453857183456420898e+00
3.712555170059204102e-01,3.279180526733398438e+00
2.195900492370128632e-02,3.548325777053833008e+00
2.968358695507049561e-01,3.416881322860717773e+00
6.596260704100131989e-03,3.637392044067382812e+00
-5.503762140870094299e-02,3.415874004364013672e+00
3.974470496177673340e-01,3.494563341140747070e+00
7.611120492219924927e-02,3.557765007019042969e+00
3.360976651310920715e-02,3.514829158782958984e+00
1.643189787864685059e-01,3.290434122085571289e+00
1.851773113012313843e-01,3.560145854949951172e+00
1.043922081589698792e-01,3.378275871276855469e+00
-1.522646867670118809e-03,3.347529411315917969e+00
1.226839795708656311e-01,3.573251724243164062e+00
1.938927620649337769e-01,3.331351280212402344e+00
3.834349336102604866e-03,3.825313091278076172e+00
1.446720212697982788e-01,3.634612321853637695e+00
9.665718674659729004e-02,3.402962446212768555e+00
2.795147299766540527e-01,3.267079353332519531e+00
2.827751636505126953e-01,3.431000947952270508e+00
4.599244520068168640e-02,3.547899723052978516e+00
2.085504233837127686e-01,3.429702520370483398e+00
-1.645278744399547577e-02,3.464453697204589844e+00
5.494403466582298279e-02,3.626248598098754883e+00
6.052631884813308716e-02,3.486593484878540039e+00
3.218778371810913086e-01,3.341258764266967773e+00
3.941353410482406616e-02,3.457332134246826172e+00
2.741287946701049805e-01,3.339043140411376953e+00
-1.143463179469108582e-01,3.483561038970947266e+00
1.733820140361785889e-01,3.472083330154418945e+00
3.205077946186065674e-01,3.415034770965576172e+00
-2.907183393836021423e-02,3.489207267761230469e+00
3.682644106447696686e-03,3.543340444564819336e+00
2.964443266391754150e-01,3.307260751724243164e+00
8.864992111921310425e-02,3.508904457092285156e+00
4.483970254659652710e-02,3.346760511398315430e+00
3.770840913057327271e-02,3.501036405563354492e+00
1.903465390205383301e-01,3.516126394271850586e+00
8.231286704540252686e-02,3.360493421554565430e+00
4.362704455852508545e-01,3.367417812347412109e+00
-1.237501800060272217e-01,3.452900171279907227e+00
1.673175096511840820e-01,3.157383680343627930e+00
2.998842857778072357e-02,3.507827997207641602e+00
4.554108977317810059e-01,3.260761737823486328e+00
2.794142365455627441e-01,3.333173036575317383e+00
2.404855787754058838e-01,3.347114324569702148e+00
1.831082105636596680e-01,3.396789312362670898e+00
1.728636473417282104e-01,3.509941101074218750e+00
-8.323829621076583862e-02,3.383828163146972656e+00
2.830900251865386963e-01,3.261540174484252930e+00
1.436995863914489746e-01,3.336562395095825195e+00
1.769979596138000488e-01,3.386820793151855469e+00
2.820799052715301514e-01,3.487566232681274414e+00
-8.415573090314865112e-02,3.617477893829345703e+00
7.678727805614471436e-02,3.484857082366943359e+00
1.017039939761161804e-01,3.332675933837890625e+00
2.240004837512969971e-01,3.286360740661621094e+00
3.540133535861968994e-01,3.411686182022094727e+00
1.697338223457336426e-01,3.385360240936279297e+00
6.279744207859039307e-02,3.494385242462158203e+00
1.854699477553367615e-02,3.396692991256713867e+00
-5.408446490764617920e-02,3.527451992034912109e+00
2.279009819030761719e-01,3.397639274597167969e+00
3.916684985160827637e-01,3.323982477188110352e+00
1.324297189712524414e-01,3.389424800872802734e+00
-2.634578384459018707e-02,3.373198270797729492e+00
9.305333346128463745e-02,3.469708919525146484e+00
2.372435033321380615e-01,3.280003309249877930e+00
1.374286413192749023e-01,3.344219923019409180e+00
5.888080596923828125e-02,3.390811204910278320e+00
1.652204804122447968e-02,3.428463220596313477e+00
2.782727777957916260e-01,3.414044141769409180e+00
1.638245582580566406e-01,3.481509208679199219e+00
1.400436758995056152e-01,3.493902683258056641e+00
1.646302789449691772e-01,3.439064502716064453e+00
-7.597206532955169678e-02,3.508948087692260742e+00
7.479988783597946167e-02,3.518146276473999023e+00
1.585617661476135254e-01,3.482125759124755859e+00
1.473882198333740234e-01,3.480462551116943359e+00
3.612191379070281982e-01,3.450532674789428711e+00
2.744632661342620850e-01,3.383938550949096680e+00
2.678325176239013672e-01,3.332979202270507812e+00
-4.239212721586227417e-02,3.482959270477294922e+00
1.577649414539337158e-01,3.459759235382080078e+00
5.229763686656951904e-02,3.515333652496337891e+00
3.872089385986328125e-01,3.501423120498657227e+00
3.379223495721817017e-02,3.373697280883789062e+00
3.209129273891448975e-01,3.312097072601318359e+00
-7.269138842821121216e-02,3.343335628509521484e+00
-6.896601617336273193e-02,3.633233785629272461e+00
1.738971914164721966e-03,3.475911140441894531e+00
-5.415699258446693420e-02,3.451683998107910156e+00
-8.223759382963180542e-02,3.443608283996582031e+00
-1.183019392192363739e-02,3.340775012969970703e+00
-2.404761128127574921e-02,3.411920547485351562e+00
-8.845514804124832153e-02,3.465300798416137695e+00
2.951889336109161377e-01,3.409272193908691406e+00
-5.447244644165039062e-02,3.618333339691162109e+00
1.561346352100372314e-01,3.417997598648071289e+00
9.299943223595619202e-03,3.549313306808471680e+00
-1.073313802480697632e-01,3.602773904800415039e+00
-4.693201556801795959e-02,3.563865423202514648e+00
3.401628732681274414e-01,3.350199222564697266e+00
-1.489472687244415283e-01,3.476263284683227539e+00
8.829214610159397125e-03,3.464591026306152344e+00
-1.544008031487464905e-02,3.564991235733032227e+00
1.720132827758789062e-01,3.427499532699584961e+00
3.066472336649894714e-02,3.578533172607421875e+00
-4.742250218987464905e-02,3.620052099227905273e+00
3.703868761658668518e-02,3.518406867980957031e+00
4.235805943608283997e-02,3.613216400146484375e+00
-3.981016948819160461e-02,3.632153034210205078e+00
9.673073142766952515e-02,3.553544044494628906e+00
-7.725270465016365051e-03,3.542873620986938477e+00
4.194790422916412354e-01,3.637666940689086914e+00
2.036259919404983521e-01,3.687995910644531250e+00
3.987328615039587021e-03,3.832929611206054688e+00
1.153492406010627747e-01,3.587800025939941406e+00
-2.605087310075759888e-02,3.569761991500854492e+00
-1.130082458257675171e-01,3.612661600112915039e+00
7.139536738395690918e-02,3.675347805023193359e+00
3.516631722450256348e-01,3.506416797637939453e+00
5.899386480450630188e-02,3.703460693359375000e+00
3.520866855978965759e-02,3.692373991012573242e+00
2.158900350332260132e-02,3.638410329818725586e+00
2.331906557083129883e-01,3.360649824142456055e+00
3.217910230159759521e-01,3.632590770721435547e+00
1.719330847263336182e-01,3.731478214263916016e+00
8.244055509567260742e-02,3.807703971862792969e+00
9.933188557624816895e-02,3.671421051025390625e+00
3.277143836021423340e-01,3.742047309875488281e+00
1.467266231775283813e-01,3.538259029388427734e+00
1.365682184696197510e-01,3.731105566024780273e+00
1.370559036731719971e-01,3.690105676651000977e+00
1.874328404664993286e-01,3.683578252792358398e+00
1.804453581571578979e-01,3.465315341949462891e+00
2.905173003673553467e-01,3.621601343154907227e+00
2.158855944871902466e-01,3.552584409713745117e+00
1.263990402221679688e-01,3.704849243164062500e+00
1.926861107349395752e-01,3.807895898818969727e+00
1.211266145110130310e-01,3.604373931884765625e+00
-1.281360257416963577e-02,3.746893167495727539e+00
6.459081172943115234e-02,3.763266801834106445e+00
2.221857011318206787e-01,3.640683174133300781e+00
3.005334436893463135e-01,3.595992803573608398e+00
2.599374651908874512e-01,3.689220428466796875e+00
4.307620823383331299e-01,3.659388780593872070e+00
3.025546669960021973e-01,3.757244110107421875e+00
5.850655585527420044e-02,3.702978610992431641e+00
2.159082591533660889e-01,3.721505403518676758e+00
1.242836564779281616e-01,3.707474231719970703e+00
2.727119624614715576e-01,3.814079046249389648e+00
1.563702523708343506e-02,3.823926448822021484e+00
2.808847129344940186e-01,3.693280935287475586e+00
1.664851546287536621e+00,5.286705970764160156e+00
4.734903573989868164e-01,3.622817516326904297e+00
3.222397565841674805e-01,3.673426151275634766e+00
4.734966754913330078e-01,3.627483844757080078e+00
3.105776607990264893e-01,3.817497730255126953e+00
2.810155451297760010e-01,3.708483219146728516e+00
2.679998874664306641e-01,3.636969089508056641e+00
3.072243034839630127e-01,3.669854879379272461e+00
2.689203321933746338e-01,3.643103361129760742e+00
2.642034888267517090e-01,3.777107000350952148e+00
1.739259064197540283e-01,4.090993881225585938e+00
2.827359735965728760e-01,3.638453960418701172e+00
3.550083041191101074e-01,3.847129821777343750e+00
3.297132253646850586e-01,3.940758466720581055e+00
1.816880255937576294e-01,3.675511598587036133e+00
3.589398264884948730e-01,3.509627819061279297e+00
4.790236949920654297e-01,3.610151052474975586e+00
2.189166843891143799e-01,3.879228115081787109e+00
2.299253791570663452e-01,3.561356782913208008e+00
3.113502264022827148e-01,3.551966905593872070e+00
3.535847365856170654e-01,4.028069972991943359e+00
3.650240898132324219e-01,3.761929988861083984e+00
2.629279792308807373e-01,3.627903461456298828e+00
3.828933835029602051e-01,3.741924285888671875e+00
2.758710980415344238e-01,3.656726121902465820e+00
2.317817807197570801e-01,3.701299190521240234e+00
3.758128583431243896e-01,3.708418369293212891e+00
3.013075292110443115e-01,3.799596309661865234e+00
4.376688897609710693e-01,3.611168622970581055e+00
3.188821375370025635e-01,3.838728904724121094e+00
3.611435890197753906e-01,4.092309951782226562e+00
4.560179412364959717e-01,3.948813199996948242e+00
3.437315523624420166e-01,3.986984014511108398e+00
2.471107244491577148e-01,3.805111646652221680e+00
3.127370476722717285e-01,3.852068662643432617e+00
4.686044454574584961e-01,3.849423646926879883e+00
3.570094108581542969e-01,3.707839965820312500e+00
4.636399745941162109e-01,3.801215171813964844e+00
4.460659325122833252e-01,3.899174213409423828e+00
3.205246925354003906e-01,3.988303422927856445e+00
2.800818383693695068e-01,3.931287050247192383e+00
3.511152267456054688e-01,3.836440086364746094e+00
4.844656884670257568e-01,3.998731136322021484e+00
3.328994214534759521e-01,3.934113264083862305e+00
3.002638518810272217e-01,3.790075778961181641e+00
4.227328598499298096e-01,3.860048770904541016e+00
4.046683013439178467e-01,4.028286933898925781e+00
2.867825925350189209e-01,3.846908092498779297e+00
4.833418130874633789e-01,4.266930103302001953e+00
4.755171537399291992e-01,3.943828344345092773e+00
4.067331552505493164e-01,3.688973426818847656e+00
4.288780093193054199e-01,3.932617902755737305e+00
4.147796332836151123e-01,3.936683177947998047e+00
4.334450364112854004e-01,4.134771823883056641e+00
3.940751552581787109e-01,3.688978910446166992e+00
4.045726060867309570e-01,3.827580690383911133e+00
5.830406546592712402e-01,3.983112096786499023e+00
3.879590928554534912e-01,3.865340471267700195e+00
2.831962108612060547e-01,3.816294908523559570e+00
3.409923911094665527e-01,3.875622034072875977e+00
3.466765582561492920e-01,3.965190649032592773e+00
5.099187493324279785e-01,4.112976074218750000e+00
3.542931377887725830e-01,3.769145488739013672e+00
6.339371204376220703e-01,3.947999000549316406e+00
3.160982728004455566e-01,4.105724334716796875e+00
3.477509617805480957e-01,3.917139053344726562e+00
3.567634820938110352e-01,3.886023998260498047e+00
4.387992620468139648e-01,3.913374185562133789e+00
3.759133815765380859e-01,3.881491422653198242e+00
5.947901010513305664e-01,3.919873476028442383e+00
7.492694258689880371e-01,4.000597000122070312e+00
3.873851299285888672e-01,4.069258689880371094e+00
4.764350056648254395e-01,3.847858905792236328e+00
2.646689414978027344e-01,3.934319734573364258e+00
7.174277305603027344e-01,4.156765460968017578e+00
7.431751489639282227e-01,4.190679550170898438e+00
5.447534918785095215e-01,4.129971504211425781e+00
5.103729963302612305e-01,4.005051136016845703e+00
5.894724726676940918e-01,4.001541137695312500e+00
5.965052247047424316e-01,4.101366043090820312e+00
7.084667086601257324e-01,4.089689731597900391e+00
4.808889627456665039e-01,4.014862537384033203e+00
6.724188327789306641e-01,3.887660980224609375e+00
8.535168766975402832e-01,4.279662609100341797e+00
5.052019357681274414e-01,4.065105438232421875e+00
7.100212574005126953e-01,4.023398399353027344e+00
8.822709321975708008e-01,4.138694763183593750e+00
9.310678243637084961e-01,4.199190139770507812e+00
6.211392879486083984e-01,4.188705921173095703e+00
6.576060652732849121e-01,3.919367551803588867e+00
6.056417226791381836e-01,4.057297229766845703e+00
7.403034567832946777e-01,4.077817916870117188e+00
5.206637382507324219e-01,4.073331832885742188e+00
7.065063118934631348e-01,4.133291721343994141e+00
8.087636232376098633e-01,3.996656179428100586e+00
6.067752242088317871e-01,3.660814762115478516e+00
4.469280838966369629e-01,3.691478729248046875e+00
8.815301060676574707e-01,4.116283416748046875e+00
5.739344358444213867e-01,3.998958826065063477e+00
6.692065596580505371e-01,4.185121536254882812e+00
5.870898365974426270e-01,4.016885280609130859e+00
9.600682854652404785e-01,4.111331939697265625e+00
4.627961516380310059e-01,4.057033061981201172e+00
1.002997159957885742e+00,3.952025890350341797e+00
2.446039676666259766e+00,4.569647789001464844e+00
2.339252233505249023e+00,3.405606985092163086e+00
2.489735603332519531e+00,3.436701297760009766e+00
2.111845493316650391e+00,2.986585140228271484e+00
2.054102182388305664e+00,3.028789043426513672e+00
2.079949617385864258e+00,3.016043186187744141e+00
1.867278695106506348e+00,3.043982028961181641e+00
-1.112781047821044922e+00,2.933059692382812500e+00
-1.159967899322509766e+00,1.422653079032897949e+00
-4.572255313396453857e-01,1.398729801177978516e+00
-1.315615415573120117e+00,2.579704523086547852e+00
-1.557923555374145508e+00,1.749365925788879395e+00
2.237477779388427734e+00,4.718569278717041016e+00
2.403167963027954102e+00,3.134090423583984375e+00
2.549552440643310547e+00,3.477808952331542969e+00
2.386714458465576172e+00,3.129314899444580078e+00
1.829967856407165527e+00,5.399195194244384766e+00
2.035521745681762695e+00,5.194433212280273438e+00
1.774414300918579102e+00,5.297645092010498047e+00
1.407324194908142090e+00,5.731319427490234375e+00
1.898187041282653809e+00,5.261300086975097656e+00
1.819630026817321777e+00,5.298315048217773438e+00
2.439755439758300781e+00,4.560071945190429688e+00
2.436075925827026367e+00,4.133169174194335938e+00
2.593904972076416016e+00,4.158030986785888672e+00
2.530142068862915039e+00,3.568104028701782227e+00
2.583686351776123047e+00,3.830006599426269531e+00
2.293153047561645508e+00,3.136883258819580078e+00
2.192273378372192383e+00,3.060620307922363281e+00
2.096668243408203125e+00,3.210229158401489258e+00
1.849832057952880859e+00,2.998700618743896484e+00
1.479717493057250977e+00,2.969085693359375000e+00
-1.124190688133239746e+00,1.618465185165405273e+00
-1.331726074218750000e+00,2.148813247680664062e+00
-8.017655611038208008e-01,1.316244721412658691e+00
-1.858409196138381958e-01,4.651983261108398438e+00
-1.192611575126647949e+00,2.344358205795288086e+00
2.121570348739624023e+00,2.767817258834838867e+00
2.303407192230224609e+00,3.253234386444091797e+00
2.392791032791137695e+00,3.459678411483764648e+00
2.485431909561157227e+00,4.286560535430908203e+00
1.449918270111083984e+00,5.346995830535888672e+00
2.473513841629028320e+00,3.392433166503906250e+00
1.627942562103271484e+00,5.295240879058837891e+00
2.507066726684570312e+00,3.762157440185546875e+00
2.333772659301757812e+00,4.802086353302001953e+00
2.332154750823974609e+00,4.600551605224609375e+00
2.288055658340454102e+00,4.410043716430664062e+00
2.500582218170166016e+00,4.372841358184814453e+00
2.255925655364990234e+00,4.599483489990234375e+00
2.427581787109375000e+00,3.711100339889526367e+00
2.599805593490600586e+00,3.663914680480957031e+00
2.312681436538696289e+00,3.314613342285156250e+00
2.155477762222290039e+00,3.203513145446777344e+00
2.007876873016357422e+00,3.238586664199829102e+00
1.695719838142395020e+00,3.282931804656982422e+00
4.323356151580810547e-01,4.178538799285888672e+00
-1.182399034500122070e+00,1.388376355171203613e+00
-4.526916146278381348e-01,1.214129805564880371e+00
-9.908263683319091797e-01,1.568414330482482910e+00
-7.251848578453063965e-01,1.331679224967956543e+00
-1.299696087837219238e+00,1.917619466781616211e+00
1.809629321098327637e+00,5.088567256927490234e+00
5.553991198539733887e-01,3.258980035781860352e+00
2.498187065124511719e+00,3.868533849716186523e+00
2.290851354598999023e+00,4.696873664855957031e+00
2.307901859283447266e+00,4.797159194946289062e+00
2.357602119445800781e+00,4.339320182800292969e+00
2.470134735107421875e+00,3.870725631713867188e+00
2.405935525894165039e+00,4.405127525329589844e+00
2.462167978286743164e+00,3.946727037429809570e+00
2.464173316955566406e+00,4.337707996368408203e+00
2.380218982696533203e+00,3.836961746215820312e+00
2.419273614883422852e+00,3.520444154739379883e+00
6.541332006454467773e-01,3.820532321929931641e+00
2.420656442642211914e+00,3.254609584808349609e+00
2.306912899017333984e+00,3.445304155349731445e+00
1.911947011947631836e+00,3.079037904739379883e+00
1.782548189163208008e+00,3.415542125701904297e+00
1.139936447143554688e+00,3.451076030731201172e+00
1.075149655342102051e+00,3.588138341903686523e+00
9.860914945602416992e-01,3.853423357009887695e+00
9.575663805007934570e-01,3.880877017974853516e+00
-1.452774167060852051e+00,2.135905981063842773e+00
-1.245438575744628906e+00,1.485668659210205078e+00
-9.503291845321655273e-01,1.514501690864562988e+00
-9.806131124496459961e-01,1.520799994468688965e+00
-1.303943634033203125e+00,2.613670587539672852e+00
7.610096335411071777e-01,1.390387892723083496e+00
1.629959583282470703e+00,1.835725307464599609e+00
2.210644483566284180e+00,3.228140115737915039e+00
2.491691827774047852e+00,3.878504753112792969e+00
2.304101467132568359e+00,3.316362857818603516e+00
2.132493972778320312e+00,4.739165306091308594e+00
1.561253309249877930e+00,5.100639343261718750e+00
2.444638967514038086e+00,3.598850727081298828e+00
2.430795192718505859e+00,3.912637710571289062e+00
2.373967647552490234e+00,3.546690464019775391e+00
2.236908435821533203e+00,4.457306861877441406e+00
2.301442623138427734e+00,4.104202747344970703e+00
2.508752822875976562e+00,3.836913347244262695e+00
6.743813157081604004e-01,3.803356170654296875e+00
6.316387653350830078e-01,3.821868181228637695e+00
6.062152981758117676e-01,3.737766265869140625e+00
5.780240893363952637e-01,3.720150470733642578e+00
7.290235161781311035e-01,4.050897121429443359e+00
5.133423209190368652e-01,3.739732027053833008e+00
6.861503124237060547e-01,3.789372444152832031e+00
6.069985032081604004e-01,3.733180761337280273e+00
6.571038961410522461e-01,3.839074373245239258e+00
5.602183341979980469e-01,4.066132068634033203e+00
6.008704900741577148e-01,3.894692420959472656e+00
8.169807791709899902e-01,3.946056365966796875e+00
6.785279512405395508e-01,3.743580102920532227e+00
6.150169372558593750e-01,4.003426074981689453e+00
5.934944152832031250e-01,3.917486190795898438e+00
6.141556501388549805e-01,3.917517662048339844e+00
6.684333682060241699e-01,3.962900161743164062e+00
5.670920610427856445e-01,3.826688051223754883e+00
6.817904114723205566e-01,3.743699550628662109e+00
7.211164236068725586e-01,3.863258838653564453e+00
6.031125783920288086e-01,3.893195629119873047e+00
5.768795609474182129e-01,3.773384094238281250e+00
6.241514682769775391e-01,3.915847539901733398e+00
5.907477140426635742e-01,3.765678405761718750e+00
6.146862506866455078e-01,3.796980381011962891e+00
6.462376713752746582e-01,3.687851428985595703e+00
7.566234469413757324e-01,3.925338745117187500e+00
6.080134510993957520e-01,4.087369441986083984e+00
7.304657697677612305e-01,4.037375450134277344e+00
7.619917988777160645e-01,3.910025358200073242e+00
6.437283754348754883e-01,3.723617076873779297e+00
6.600745916366577148e-01,3.820878744125366211e+00
5.774093866348266602e-01,4.015205860137939453e+00
6.612330675125122070e-01,3.841902494430541992e+00
7.199910879135131836e-01,3.924605131149291992e+00
7.177699804306030273e-01,3.751402854919433594e+00
6.297646164894104004e-01,3.887852430343627930e+00
8.439306020736694336e-01,3.996584415435791016e+00
8.295003771781921387e-01,3.996019124984741211e+00
8.087531924247741699e-01,4.220829963684082031e+00
6.195359230041503906e-01,3.979427576065063477e+00
5.738419294357299805e-01,3.849107265472412109e+00
7.012228369712829590e-01,3.855938673019409180e+00
7.940588593482971191e-01,4.047653198242187500e+00
8.984918594360351562e-01,4.173926353454589844e+00
7.496768832206726074e-01,3.885731220245361328e+00
7.479271292686462402e-01,3.983041286468505859e+00
8.260980248451232910e-01,4.171085834503173828e+00
7.217864394187927246e-01,3.878884792327880859e+00
7.425802946090698242e-01,3.994285106658935547e+00
8.402044773101806641e-01,4.180138587951660156e+00
7.208190560340881348e-01,3.896887540817260742e+00
6.509405374526977539e-01,4.113308906555175781e+00
6.748785376548767090e-01,4.051049232482910156e+00
7.452651262283325195e-01,3.888631820678710938e+00
8.491302132606506348e-01,4.068754196166992188e+00
7.154498100280761719e-01,4.048550605773925781e+00
7.206040620803833008e-01,3.957330226898193359e+00
7.459092140197753906e-01,4.036370277404785156e+00
6.872869133949279785e-01,4.130440711975097656e+00
7.165810465812683105e-01,3.919983386993408203e+00
8.638193011283874512e-01,4.135380744934082031e+00
7.665938735008239746e-01,3.967456579208374023e+00
7.887340784072875977e-01,3.924240589141845703e+00
7.666254043579101562e-01,3.945044994354248047e+00
7.284172177314758301e-01,3.992524147033691406e+00
8.209533691406250000e-01,4.059835433959960938e+00
8.020693063735961914e-01,3.952568531036376953e+00
8.924689292907714844e-01,4.054765701293945312e+00
8.176329731941223145e-01,3.785164833068847656e+00
8.338772058486938477e-01,4.130123138427734375e+00
8.044600486755371094e-01,4.141564369201660156e+00
9.215750694274902344e-01,4.124521732330322266e+00
8.360614776611328125e-01,3.971017360687255859e+00
9.789283275604248047e-01,4.165782928466796875e+00
9.484198093414306641e-01,4.057379722595214844e+00
8.823399543762207031e-01,4.075961112976074219e+00
1.053953289985656738e+00,4.107413291931152344e+00
9.435114860534667969e-01,4.080765247344970703e+00
9.456520080566406250e-01,3.913504600524902344e+00
9.300285577774047852e-01,4.001262664794921875e+00
9.104297757148742676e-01,4.001058101654052734e+00
9.626068472862243652e-01,3.999582529067993164e+00
1.149850845336914062e+00,4.001280307769775391e+00
8.207290172576904297e-01,3.794359922409057617e+00
9.342667460441589355e-01,4.028975486755371094e+00
1.002551555633544922e+00,4.039864063262939453e+00
1.014682292938232422e+00,4.094049453735351562e+00
1.069716572761535645e+00,3.910813331604003906e+00
8.055765032768249512e-01,3.897767543792724609e+00
9.287189245223999023e-01,3.995486497879028320e+00
9.308450222015380859e-01,3.880300045013427734e+00
9.340744018554687500e-01,3.923977375030517578e+00
1.087086081504821777e+00,3.997261047363281250e+00
9.521417617797851562e-01,3.993010759353637695e+00
9.690117239952087402e-01,4.025444030761718750e+00
9.779759049415588379e-01,3.919862747192382812e+00
1.064377784729003906e+00,3.930512666702270508e+00
9.805923700332641602e-01,3.936760425567626953e+00
9.408714175224304199e-01,3.860363483428955078e+00
8.874964714050292969e-01,3.841361045837402344e+00
1.250605344772338867e+00,3.994284629821777344e+00
1.241246461868286133e+00,3.860134124755859375e+00
9.835777878761291504e-01,3.892337322235107422e+00
1.209517002105712891e+00,4.057454586029052734e+00
1.125063657760620117e+00,4.005432605743408203e+00
1.076314210891723633e+00,3.928612470626831055e+00
1.109577417373657227e+00,4.038637638092041016e+00
1.013940811157226562e+00,4.052435874938964844e+00
1.112586975097656250e+00,4.027452468872070312e+00
1.013836741447448730e+00,3.969874620437622070e+00
1.046908736228942871e+00,3.733704805374145508e+00
1.142439365386962891e+00,3.972785234451293945e+00
1.218193650245666504e+00,4.001893520355224609e+00
1.031135797500610352e+00,4.000735282897949219e+00
1.255476593971252441e+00,3.860684394836425781e+00
1.207887649536132812e+00,4.015456199645996094e+00
1.168224811553955078e+00,4.036317825317382812e+00
1.072203993797302246e+00,3.864055871963500977e+00
1.216161131858825684e+00,3.971431255340576172e+00
1.173982381820678711e+00,4.054754734039306641e+00
1.083163738250732422e+00,3.699400424957275391e+00
1.114513993263244629e+00,3.927356719970703125e+00
1.112610936164855957e+00,3.824480056762695312e+00
1.294263720512390137e+00,3.949623584747314453e+00
1.046423673629760742e+00,3.794555664062500000e+00
1.110702395439147949e+00,3.804844141006469727e+00
1.152640819549560547e+00,3.927734613418579102e+00
1.236765265464782715e+00,3.882663249969482422e+00
1.267143011093139648e+00,3.838893890380859375e+00
1.229692339897155762e+00,3.885648250579833984e+00
1.301285743713378906e+00,3.867108821868896484e+00
1.193768978118896484e+00,3.765393018722534180e+00
1.252694129943847656e+00,3.827704906463623047e+00
1.154390096664428711e+00,3.922203302383422852e+00
1.143252730369567871e+00,3.973930597305297852e+00
1.176354527473449707e+00,3.916759490966796875e+00
1.207623243331909180e+00,3.887419939041137695e+00
1.384388804435729980e+00,3.869174718856811523e+00
1.204961180686950684e+00,3.808520078659057617e+00
1.227012276649475098e+00,3.818151712417602539e+00
1.343500971794128418e+00,3.850693225860595703e+00
1.101911425590515137e+00,3.782940864562988281e+00
1.191318154335021973e+00,3.765005588531494141e+00
1.342227578163146973e+00,3.856872558593750000e+00
1.259496569633483887e+00,3.775702953338623047e+00
1.335028529167175293e+00,3.891004085540771484e+00
1.282133817672729492e+00,3.833760738372802734e+00
1.282020092010498047e+00,3.962637901306152344e+00
1.442355513572692871e+00,3.855690956115722656e+00
1.409322738647460938e+00,3.888615131378173828e+00
1.188438415527343750e+00,3.886672973632812500e+00
1.444818258285522461e+00,3.703063964843750000e+00
1.529249072074890137e+00,3.811357021331787109e+00
1.255069017410278320e+00,3.788486719131469727e+00
1.221525311470031738e+00,3.693936347961425781e+00
1.300494790077209473e+00,3.785820245742797852e+00
1.365768432617187500e+00,3.789583206176757812e+00
1.386582255363464355e+00,3.714033842086791992e+00
1.337061047554016113e+00,3.749531507492065430e+00
1.216329574584960938e+00,3.745336771011352539e+00
1.380236029624938965e+00,3.775962829589843750e+00
1.516222596168518066e+00,3.764230251312255859e+00
1.286167621612548828e+00,3.710551023483276367e+00
1.242797493934631348e+00,3.824422597885131836e+00
1.233948230743408203e+00,3.785718202590942383e+00
1.360551834106445312e+00,3.707118034362792969e+00
1.379734992980957031e+00,3.763685226440429688e+00
1.346794843673706055e+00,3.669012784957885742e+00
1.287793874740600586e+00,3.714011907577514648e+00
1.254653573036193848e+00,3.642336845397949219e+00
1.239042520523071289e+00,3.639892578125000000e+00
1.222352504730224609e+00,3.581541538238525391e+00
1.304987072944641113e+00,3.649440288543701172e+00
1.461367726325988770e+00,3.590023279190063477e+00
1.463979363441467285e+00,3.638496398925781250e+00
1.414640188217163086e+00,3.687341451644897461e+00
1.454345464706420898e+00,3.718035221099853516e+00
1.292725801467895508e+00,3.709268569946289062e+00
1.460424900054931641e+00,3.666801452636718750e+00
1.365876555442810059e+00,3.660129308700561523e+00
1.282323002815246582e+00,3.627380371093750000e+00
1.448558926582336426e+00,3.520136594772338867e+00
1.247248768806457520e+00,3.702433347702026367e+00
1.341078996658325195e+00,3.565979719161987305e+00
1.370297312736511230e+00,3.588803052902221680e+00
1.477374792098999023e+00,3.596044540405273438e+00
1.511154413223266602e+00,3.606395244598388672e+00
1.502120614051818848e+00,3.605323553085327148e+00
1.369021296501159668e+00,3.556969642639160156e+00
1.484783053398132324e+00,3.539093732833862305e+00
1.406806468963623047e+00,3.664305686950683594e+00
1.439713954925537109e+00,3.574082136154174805e+00
1.395742058753967285e+00,3.500117778778076172e+00
1.307901382446289062e+00,3.542622089385986328e+00
1.373790502548217773e+00,3.521138906478881836e+00
1.555237293243408203e+00,3.464936017990112305e+00
1.509554743766784668e+00,3.466497659683227539e+00
1.371567010879516602e+00,3.554392337799072266e+00
1.498777747154235840e+00,3.446636199951171875e+00
1.372344374656677246e+00,3.615751504898071289e+00
1.535547733306884766e+00,3.524612903594970703e+00
1.459490776062011719e+00,3.284062862396240234e+00
1.595731854438781738e+00,3.466054916381835938e+00
1.349068641662597656e+00,3.482351779937744141e+00
1.523418426513671875e+00,3.415710210800170898e+00
1.448460459709167480e+00,3.331454038619995117e+00
1.457129716873168945e+00,3.412815093994140625e+00
1.413270831108093262e+00,3.504731416702270508e+00
1.353862166404724121e+00,3.456887245178222656e+00
1.376723527908325195e+00,3.527830600738525391e+00
1.506189703941345215e+00,3.379524707794189453e+00
1.429306507110595703e+00,3.392893791198730469e+00
1.484922885894775391e+00,3.531653881072998047e+00
1.431608438491821289e+00,3.443286180496215820e+00
1.400666594505310059e+00,3.400753259658813477e+00
1.490754723548889160e+00,3.332601070404052734e+00
1.370591759681701660e+00,3.260971069335937500e+00
1.625986218452453613e+00,3.412251472473144531e+00
1.541542768478393555e+00,3.400391340255737305e+00
1.320100188255310059e+00,3.249672889709472656e+00
1.149636745452880859e+00,3.121417999267578125e+00
1.331029415130615234e+00,3.218939065933227539e+00
1.097956895828247070e+00,3.095618486404418945e+00
1.283859610557556152e+00,3.006049156188964844e+00
1.161245346069335938e+00,3.189230680465698242e+00
1.138943791389465332e+00,3.258560895919799805e+00
1.300627470016479492e+00,3.165557861328125000e+00
1.253984332084655762e+00,2.866210699081420898e+00
1.341211676597595215e+00,3.043264389038085938e+00
1.366348505020141602e+00,3.018814325332641602e+00
1.280929803848266602e+00,3.194110870361328125e+00
1.198530435562133789e+00,3.249507427215576172e+00
1.237501621246337891e+00,3.195942640304565430e+00
1.246664524078369141e+00,2.962474346160888672e+00
1.156370997428894043e+00,3.019323110580444336e+00
1.233957290649414062e+00,3.259127378463745117e+00
1.199607491493225098e+00,2.936470031738281250e+00
1.108307123184204102e+00,3.159066677093505859e+00
1.211790204048156738e+00,3.075217247009277344e+00
1.109460115432739258e+00,2.995746850967407227e+00
1.183026790618896484e+00,2.791241407394409180e+00
1.264633536338806152e+00,2.838787317276000977e+00
1.219730496406555176e+00,2.739938735961914062e+00
1.044000625610351562e+00,2.860066652297973633e+00
1.141834735870361328e+00,3.119459152221679688e+00
1.075764656066894531e+00,3.161485433578491211e+00
1.107213020324707031e+00,2.868855953216552734e+00
1.244279384613037109e+00,2.973680019378662109e+00
1.132032036781311035e+00,3.206932783126831055e+00
1.177666664123535156e+00,2.834566593170166016e+00
1.020950675010681152e+00,2.283776521682739258e+00
1.139914870262145996e+00,2.494137287139892578e+00
1.140589237213134766e+00,2.740010261535644531e+00
1.029615998268127441e+00,2.662952661514282227e+00
1.114739775657653809e+00,2.840905666351318359e+00
1.026687979698181152e+00,3.039420127868652344e+00
1.016989350318908691e+00,3.024439573287963867e+00
1.032489657402038574e+00,2.650084257125854492e+00
1.124822258949279785e+00,2.511361837387084961e+00
1.075655579566955566e+00,2.858760356903076172e+00
9.921114444732666016e-01,2.719202995300292969e+00
9.807758331298828125e-01,2.363735675811767578e+00
1.098427772521972656e+00,3.098525285720825195e+00
9.252955317497253418e-01,2.573661565780639648e+00
1.129612088203430176e+00,2.976109743118286133e+00
1.023875594139099121e+00,2.666381597518920898e+00
1.015935778617858887e+00,2.633164167404174805e+00
9.656717777252197266e-01,2.529887437820434570e+00
9.101253747940063477e-01,2.320324182510375977e+00
9.187440872192382812e-01,2.426424264907836914e+00
1.106576919555664062e+00,2.779370069503784180e+00
8.857672810554504395e-01,2.824105739593505859e+00
8.723211884498596191e-01,2.730160236358642578e+00
6.243110299110412598e-01,1.795402526855468750e+00
9.628330469131469727e-01,2.673803329467773438e+00
1.006759285926818848e+00,2.770360231399536133e+00
8.748551607131958008e-01,2.268613100051879883e+00
8.986844420433044434e-01,2.474146842956542969e+00
8.894910216331481934e-01,2.629664897918701172e+00
7.844327688217163086e-01,2.240342855453491211e+00
9.238443374633789062e-01,2.430514812469482422e+00
8.580926656723022461e-01,2.459384918212890625e+00
7.494466900825500488e-01,2.138364076614379883e+00
8.920220136642456055e-01,2.597562551498413086e+00
6.710373759269714355e-01,1.995748877525329590e+00
8.952512145042419434e-01,2.365828752517700195e+00
6.989260315895080566e-01,2.097785234451293945e+00
8.353620767593383789e-01,2.157358884811401367e+00
4.962514042854309082e-01,1.800295114517211914e+00
7.903181016445159912e-02,1.719905853271484375e+00
3.850214779376983643e-01,1.889110803604125977e+00
5.427836775779724121e-01,1.957252025604248047e+00
6.128495335578918457e-01,2.021871089935302734e+00
8.574112057685852051e-01,2.385329961776733398e+00
8.228207826614379883e-01,2.631861209869384766e+00
-6.121667027473449707e-01,1.802258968353271484e+00
5.652803182601928711e-01,2.191761970520019531e+00
3.285515010356903076e-01,2.113598346710205078e+00
6.780295968055725098e-01,2.583902120590209961e+00
3.231244385242462158e-01,1.823350071907043457e+00
4.172579050064086914e-01,1.894313097000122070e+00
7.577067017555236816e-01,2.452864408493041992e+00
6.614694595336914062e-01,2.182893753051757812e+00
3.722501993179321289e-01,1.835899114608764648e+00
4.348074495792388916e-01,1.820055723190307617e+00
1.413130909204483032e-01,1.909955739974975586e+00
3.684733211994171143e-01,1.969909191131591797e+00
5.440652966499328613e-01,2.095310926437377930e+00
1.861940324306488037e-01,1.915281414985656738e+00
3.255716562271118164e-01,1.997586250305175781e+00
4.188388586044311523e-01,1.882339596748352051e+00
-4.342237859964370728e-02,1.918707013130187988e+00
-2.038441970944404602e-02,1.881156563758850098e+00
-3.502501547336578369e-01,1.815044403076171875e+00
-1.630159765481948853e-01,1.823808908462524414e+00
-1.974570602178573608e-01,1.749870181083679199e+00
7.181729674339294434e-01,2.321837902069091797e+00
7.800001502037048340e-01,2.261751651763916016e+00
-2.119550853967666626e-01,1.812281489372253418e+00
-6.911877393722534180e-01,1.882685780525207520e+00
-1.821167208254337311e-02,1.999375581741333008e+00
-3.554165363311767578e-01,1.899939537048339844e+00
4.239282608032226562e-01,2.236494541168212891e+00
-1.734922528266906738e+00,6.107441902160644531e+00
1.615943759679794312e-01,2.330653429031372070e+00
1.744506061077117920e-01,2.489573717117309570e+00
4.974631965160369873e-01,2.029429912567138672e+00
-7.896273732185363770e-01,1.889308452606201172e+00
-5.458470582962036133e-01,1.872939586639404297e+00
-1.958008170127868652e+00,6.137206554412841797e+00
1.534060984849929810e-01,1.815935492515563965e+00
-5.039244890213012695e-01,1.799097061157226562e+00
1.263543128967285156e+00,5.841925144195556641e+00
9.485103189945220947e-02,2.334493398666381836e+00
5.169510841369628906e-01,2.164847135543823242e+00
2.091256380081176758e-01,2.066552639007568359e+00
6.722254753112792969e-01,2.497098445892333984e+00
-5.350593328475952148e-01,6.684210777282714844e+00
6.955271959304809570e-01,2.415057182312011719e+00
6.356865763664245605e-01,2.455696582794189453e+00
6.361111998558044434e-01,2.357236623764038086e+00
3.625130653381347656e-01,2.424007177352905273e+00
-5.936252474784851074e-01,1.851657509803771973e+00
7.454769015312194824e-01,2.405798912048339844e+00
7.520062327384948730e-01,2.668900966644287109e+00
-7.754365801811218262e-01,1.922551155090332031e+00
-6.295688748359680176e-01,1.981678962707519531e+00
-5.780066251754760742e-01,1.990757822990417480e+00
-3.577909469604492188e-01,1.775927901268005371e+00
6.368968486785888672e-01,2.418467044830322266e+00
3.313405513763427734e-01,2.135109424591064453e+00
2.040025442838668823e-01,2.236276149749755859e+00
4.983580410480499268e-01,2.195333957672119141e+00
1.714233905076980591e-01,2.301808357238769531e+00
-1.464919894933700562e-01,1.828300833702087402e+00
5.265062451362609863e-01,2.276234865188598633e+00
-8.017377853393554688e-01,2.162912607192993164e+00
2.282782793045043945e-01,2.156178951263427734e+00
-2.477707415819168091e-01,1.934570193290710449e+00
2.476840913295745850e-01,2.358241319656372070e+00
6.356471180915832520e-01,2.448867559432983398e+00
5.979682803153991699e-01,2.361926794052124023e+00
5.099182575941085815e-02,2.174130916595458984e+00
-8.514512777328491211e-01,2.045864105224609375e+00
-2.797119021415710449e-01,2.369014263153076172e+00
2.542697191238403320e-01,2.039726257324218750e+00
2.591731250286102295e-01,1.995120882987976074e+00
5.542302727699279785e-01,2.477205991744995117e+00
-2.375397086143493652e-01,1.894931197166442871e+00
-4.449951946735382080e-01,2.114137649536132812e+00
-4.217971861362457275e-01,2.129127740859985352e+00
2.410004660487174988e-02,2.047411203384399414e+00
2.615445852279663086e-01,2.214159011840820312e+00
-8.992153406143188477e-02,1.914583921432495117e+00
8.632078766822814941e-02,2.079428195953369141e+00
3.548606932163238525e-01,2.440741539001464844e+00
5.138261318206787109e-01,2.361221790313720703e+00
3.735146224498748779e-01,2.318895578384399414e+00
5.793710947036743164e-01,2.612300634384155273e+00
2.796558141708374023e-01,2.249032020568847656e+00
-1.221916973590850830e-01,2.135177373886108398e+00
2.283125519752502441e-01,2.209251642227172852e+00
9.023641049861907959e-02,2.117564916610717773e+00
-2.077986150979995728e-01,2.226223230361938477e+00
-3.659214079380035400e-01,2.187049865722656250e+00
-7.203390598297119141e-01,2.107273817062377930e+00
1.890886276960372925e-01,2.253913402557373047e+00
-1.326451897621154785e-01,2.075783252716064453e+00
-3.479204475879669189e-01,2.052071332931518555e+00
5.030699968338012695e-01,2.474619626998901367e+00
-3.283812403678894043e-01,2.139245033264160156e+00
4.519429802894592285e-01,2.427947044372558594e+00
1.204902529716491699e-01,2.131649732589721680e+00
2.228896021842956543e-01,2.257569789886474609e+00
9.734354168176651001e-02,2.127558469772338867e+00
1.267040520906448364e-01,2.222263097763061523e+00
3.853896856307983398e-01,2.414640665054321289e+00
-1.550700962543487549e-01,2.109923362731933594e+00
-1.562997885048389435e-02,2.288566350936889648e+00
8.924438059329986572e-02,2.207945108413696289e+00
-1.672825962305068970e-01,2.108710050582885742e+00
2.034898847341537476e-02,2.295387506484985352e+00
-2.049570158123970032e-02,2.204560756683349609e+00
2.174199223518371582e-01,2.403375387191772461e+00
-1.497030109167098999e-01,2.142345428466796875e+00
-5.834979414939880371e-01,2.256740808486938477e+00
-2.821873426437377930e-01,2.221516370773315430e+00
3.341334313154220581e-02,2.281188964843750000e+00
-1.302685618400573730e+00,2.389023542404174805e+00
-2.083229720592498779e-01,2.114975452423095703e+00
-3.606725633144378662e-01,2.256206750869750977e+00
-4.791180789470672607e-01,2.161552429199218750e+00
-1.231297850608825684e+00,2.403436660766601562e+00
-6.104735732078552246e-01,2.315271615982055664e+00
2.191959321498870850e-01,2.352823972702026367e+00
-6.195821762084960938e-01,2.172156572341918945e+00
-1.763344258069992065e-01,2.219687938690185547e+00
4.976426810026168823e-02,2.287585973739624023e+00
-9.323341846466064453e-01,2.489113569259643555e+00
-5.774855017662048340e-01,2.179245233535766602e+00
-4.533196091651916504e-01,2.278835773468017578e+00
-8.050794601440429688e-01,2.148494243621826172e+00
-1.569492697715759277e+00,2.933206081390380859e+00
-1.087373733520507812e+00,2.466161727905273438e+00
-1.190248727798461914e+00,2.724869728088378906e+00
-1.067555665969848633e+00,2.320476055145263672e+00
-1.801705121994018555e+00,3.132596492767333984e+00
-4.731916785240173340e-01,2.133493423461914062e+00
-1.742054700851440430e+00,3.077415466308593750e+00
-1.859063029289245605e+00,3.434926509857177734e+00
-3.189169168472290039e-01,2.192860603332519531e+00
-7.465453147888183594e-01,2.257139682769775391e+00
-1.338905572891235352e+00,3.201069355010986328e+00
-1.494971156120300293e+00,2.856456279754638672e+00
-7.255496382713317871e-01,2.324594974517822266e+00
-2.433537960052490234e+00,4.029608726501464844e+00
-2.312289476394653320e+00,4.072478294372558594e+00
-2.346511602401733398e+00,4.523308753967285156e+00
-2.121481657028198242e+00,4.257743835449218750e+00
-2.388909578323364258e+00,4.867613315582275391e+00
-2.390219211578369141e+00,5.322458744049072266e+00
-8.292454481124877930e-01,2.451230525970458984e+00
-2.523527860641479492e+00,5.208012104034423828e+00
-2.517790555953979492e+00,4.320031642913818359e+00
-2.155953407287597656e+00,5.702252864837646484e+00
-2.568568944931030273e+00,4.867620468139648438e+00
-2.216907978057861328e+00,5.065395832061767578e+00
3.370848000049591064e-01,6.398071765899658203e+00
-2.090864419937133789e+00,3.952910423278808594e+00
-9.145976603031158447e-02,6.433402061462402344e+00
9.404907226562500000e-01,5.925784111022949219e+00
-2.038471460342407227e+00,4.792492389678955078e+00
-2.177446365356445312e+00,5.706930637359619141e+00
3.533689975738525391e-01,5.870529651641845703e+00
-1.771312952041625977e+00,3.406742572784423828e+00
-2.284856796264648438e+00,4.231962203979492188e+00
-1.180227875709533691e+00,5.860823154449462891e+00
-1.351417779922485352e+00,5.166046142578125000e+00
-1.648724317550659180e+00,3.567342996597290039e+00
-1.859915375709533691e+00,3.923872232437133789e+00
-1.649301528930664062e+00,3.314960002899169922e+00
-1.885478973388671875e+00,4.249228000640869141e+00
-1.764105200767517090e+00,4.025845527648925781e+00
-1.837520480155944824e+00,4.507390499114990234e+00
-1.728873252868652344e+00,5.756380558013916016e+00
-2.087954759597778320e+00,5.354547977447509766e+00
-1.894168615341186523e+00,5.473889350891113281e+00
-2.322111368179321289e+00,4.512530803680419922e+00
-2.322151660919189453e+00,4.246699333190917969e+00
-2.024632692337036133e+00,5.287151336669921875e+00
-2.001978397369384766e+00,5.799564838409423828e+00
-2.182698011398315430e+00,5.071468830108642578e+00
-1.959735274314880371e+00,4.193564891815185547e+00
-1.924890637397766113e+00,5.153008937835693359e+00
-1.575622916221618652e+00,5.653567314147949219e+00
-1.815834999084472656e+00,4.913526058197021484e+00
-2.060940265655517578e+00,5.513251781463623047e+00
-1.893732547760009766e+00,5.019478797912597656e+00
-1.851781606674194336e+00,5.978090763092041016e+00
-1.534164309501647949e+00,5.622422218322753906e+00
-2.187394142150878906e+00,4.885010242462158203e+00
-1.843602776527404785e+00,4.907019138336181641e+00
-1.750710964202880859e+00,5.555299758911132812e+00
-1.641152262687683105e+00,6.049534797668457031e+00
-1.016327857971191406e+00,2.495370388031005859e+00
-1.613763093948364258e+00,5.649205207824707031e+00
-1.620534181594848633e+00,5.166490554809570312e+00
-1.358101963996887207e+00,5.548924922943115234e+00
-7.784627676010131836e-01,2.761158704757690430e+00
-1.514868259429931641e+00,3.379021644592285156e+00
-1.944828629493713379e+00,4.535310268402099609e+00
-1.025586843490600586e+00,2.945904970169067383e+00
-1.616532683372497559e+00,4.730669498443603516e+00
-1.491021871566772461e+00,5.267234802246093750e+00
-1.076864600181579590e+00,2.891264200210571289e+00
-1.714964389801025391e+00,4.591025352478027344e+00
-1.142715692520141602e+00,3.129059553146362305e+00
-1.740288138389587402e+00,5.256310462951660156e+00
-1.460075616836547852e+00,6.103673934936523438e+00
-1.500760793685913086e+00,5.210168838500976562e+00
-1.479639768600463867e+00,5.443522930145263672e+00
-1.270609378814697266e+00,5.048699378967285156e+00
-1.980782866477966309e+00,5.419393062591552734e+00
-1.346128702163696289e+00,5.979000091552734375e+00
-1.544661045074462891e+00,4.803668498992919922e+00
-7.192800045013427734e-01,2.411850452423095703e+00
-1.112573027610778809e+00,5.582854270935058594e+00
-1.816487908363342285e+00,4.816875934600830078e+00
-1.461243510246276855e+00,4.584879875183105469e+00
-1.678259849548339844e+00,4.983180999755859375e+00
-1.286238908767700195e+00,5.228366374969482422e+00
-1.568331599235534668e+00,4.583527565002441406e+00
-1.422799348831176758e+00,6.112124443054199219e+00
-1.458742856979370117e+00,4.935126781463623047e+00
-1.247539520263671875e+00,4.232706069946289062e+00
-1.208838462829589844e+00,5.309110164642333984e+00
-1.068423986434936523e+00,2.774385213851928711e+00
-1.346566200256347656e+00,4.950185298919677734e+00
-1.738479256629943848e+00,5.736105442047119141e+00
-1.363727569580078125e+00,5.611223220825195312e+00
-6.956855058670043945e-01,2.514783143997192383e+00
-1.364442229270935059e+00,3.807267427444458008e+00
-1.792019844055175781e+00,5.363197326660156250e+00
-1.225323200225830078e+00,6.047809600830078125e+00
-1.275737285614013672e+00,5.778676509857177734e+00
-8.011202812194824219e-01,4.966464996337890625e+00
-8.027328848838806152e-01,5.917625904083251953e+00
-1.019441962242126465e+00,5.876564979553222656e+00
-9.534413814544677734e-01,2.412080526351928711e+00
-1.390917539596557617e+00,5.582078933715820312e+00
1.158344149589538574e+00,5.561977386474609375e+00
-9.504727721214294434e-01,3.300154924392700195e+00
-7.886819839477539062e-01,6.155395984649658203e+00
-1.034613609313964844e+00,5.549888134002685547e+00
-1.450786232948303223e+00,5.287777423858642578e+00
-9.006208777427673340e-01,5.533257007598876953e+00
-7.054690122604370117e-01,2.477403163909912109e+00
-1.154207110404968262e+00,5.137313842773437500e+00
-1.675042629241943359e+00,5.717441558837890625e+00
-9.413265585899353027e-01,3.697089672088623047e+00
-1.009039998054504395e+00,2.868551969528198242e+00
-1.370029330253601074e+00,5.468643188476562500e+00
-1.129656672477722168e+00,5.926984310150146484e+00
-4.048410952091217041e-01,6.177877426147460938e+00
-7.539995908737182617e-01,5.833323478698730469e+00
-9.415300488471984863e-01,5.205244064331054688e+00
-1.257133841514587402e+00,5.779118537902832031e+00
-6.119189858436584473e-01,5.636493206024169922e+00
-1.325758814811706543e+00,5.001218795776367188e+00
-8.146753907203674316e-01,2.607256174087524414e+00
-8.576124310493469238e-01,5.956617355346679688e+00
-9.995164275169372559e-01,5.440682411193847656e+00
-7.914795875549316406e-01,5.486472129821777344e+00
4.268756806850433350e-01,5.889589309692382812e+00
-1.137865304946899414e+00,5.053993225097656250e+00
-1.182620882987976074e+00,4.988463878631591797e+00
-8.924496769905090332e-01,5.645875453948974609e+00
-1.087376117706298828e+00,4.807847023010253906e+00
-9.564596414566040039e-01,5.850456237792968750e+00
-6.818683743476867676e-01,4.467299938201904297e+00
-1.089318633079528809e+00,4.674954891204833984e+00
-6.779111027717590332e-01,5.614755153656005859e+00
-4.730882346630096436e-01,5.917291641235351562e+00
-8.540478944778442383e-01,5.422785282135009766e+00
-8.312633633613586426e-01,5.944602966308593750e+00
-9.455709457397460938e-01,5.280599594116210938e+00
-9.986321926116943359e-01,5.541567325592041016e+00
-1.084923386573791504e+00,5.034246921539306641e+00
-7.784208655357360840e-01,4.121808052062988281e+00
-9.751635789871215820e-01,4.978477954864501953e+00
-9.290492534637451172e-02,6.134861946105957031e+00
-9.358701109886169434e-01,5.222534656524658203e+00
-8.287181854248046875e-01,5.183751583099365234e+00
-7.061890363693237305e-01,5.857091426849365234e+00
-8.082237243652343750e-01,5.273303031921386719e+00
-2.497585117816925049e-01,5.948331356048583984e+00
-8.741716742515563965e-01,3.980541467666625977e+00
-6.586712598800659180e-01,5.240230560302734375e+00
-7.192064523696899414e-01,5.665924549102783203e+00
-8.212891817092895508e-01,2.623213529586791992e+00
-6.057404875755310059e-01,6.074515819549560547e+00
-6.178488135337829590e-01,5.627067089080810547e+00
-9.002055525779724121e-01,3.218318700790405273e+00
-6.718068718910217285e-01,5.175443649291992188e+00
-8.629066348075866699e-01,4.900149345397949219e+00
-1.047493338584899902e+00,4.304515838623046875e+00
-8.067539334297180176e-01,5.604362964630126953e+00
-6.068794727325439453e-01,5.268938064575195312e+00
-9.085645079612731934e-01,4.754272937774658203e+00
-8.195165395736694336e-01,5.339810371398925781e+00
-1.030666828155517578e+00,5.085918426513671875e+00
-5.578430294990539551e-01,6.075615882873535156e+00
-8.056221604347229004e-01,5.290244579315185547e+00
-4.374236166477203369e-01,5.667394161224365234e+00
-1.072878479957580566e+00,4.350211143493652344e+00
-7.717700004577636719e-01,5.129954338073730469e+00
-8.897532224655151367e-01,5.591583728790283203e+00
-1.041088938713073730e+00,5.232650756835937500e+00
-5.583435893058776855e-01,5.748520851135253906e+00
-5.799798369407653809e-01,5.174178600311279297e+00
-8.613390922546386719e-01,5.414115905761718750e+00
-2.166416347026824951e-01,5.213907718658447266e+00
-1.737672537565231323e-01,5.941556930541992188e+00
-4.853263497352600098e-01,5.651826381683349609e+00
-3.978140950202941895e-01,5.791661262512207031e+00
-2.581106722354888916e-01,5.683703899383544922e+00
-6.847045421600341797e-01,4.616552829742431641e+00
-7.753276228904724121e-01,5.541762828826904297e+00
-7.362819314002990723e-01,5.138778686523437500e+00
-1.874416023492813110e-01,5.892333030700683594e+00
-6.187390089035034180e-01,4.246217727661132812e+00
-3.062782883644104004e-01,5.513957023620605469e+00
-4.144385755062103271e-01,4.967301368713378906e+00
5.059165507555007935e-02,5.706752777099609375e+00
-4.956661462783813477e-01,5.272395610809326172e+00
-7.058008909225463867e-01,4.562585353851318359e+00
-7.514656782150268555e-01,3.576881647109985352e+00
-3.937298059463500977e-01,4.709460735321044922e+00
-6.085602641105651855e-01,5.374024391174316406e+00
-1.919260025024414062e-01,5.664594173431396484e+00
-2.562942802906036377e-01,5.172773838043212891e+00
-3.158591687679290771e-01,5.967812538146972656e+00
-2.416000813245773315e-01,5.317087173461914062e+00
-1.546040773391723633e-01,6.033985614776611328e+00
-5.973709821701049805e-01,5.243197917938232422e+00
-6.019104123115539551e-01,5.122540473937988281e+00
-3.897293508052825928e-01,5.212231636047363281e+00
-6.097216606140136719e-01,4.935366153717041016e+00
-3.533437848091125488e-02,5.969055652618408203e+00
-6.113930344581604004e-01,5.068610668182373047e+00
3.333991765975952148e-02,5.989889621734619141e+00
-1.240311488509178162e-01,5.750520706176757812e+00
-4.758862555027008057e-01,4.263253688812255859e+00
-7.177667021751403809e-01,4.743611335754394531e+00
-6.776232719421386719e-01,3.904681205749511719e+00
-2.760916948318481445e-01,5.664687633514404297e+00
2.877325117588043213e-01,5.770332336425781250e+00
-5.100508928298950195e-01,4.249449253082275391e+00
-5.378946065902709961e-01,5.135619640350341797e+00
-3.926201760768890381e-01,5.148016929626464844e+00
-5.995301157236099243e-02,5.507444858551025391e+00
-3.876365125179290771e-01,5.719359874725341797e+00
2.277523465454578400e-02,5.646654605865478516e+00
-6.251782774925231934e-01,4.479909420013427734e+00
-1.829316616058349609e-01,5.044511318206787109e+00
-2.980775535106658936e-01,4.771679401397705078e+00
-4.131474196910858154e-01,4.192270755767822266e+00
-4.765315949916839600e-01,5.023981571197509766e+00
5.921292304992675781e-02,5.670016288757324219e+00
-4.688306450843811035e-01,5.185642242431640625e+00
-7.740007638931274414e-01,3.214421033859252930e+00
4.059160947799682617e-01,5.658472537994384766e+00
-1.851510852575302124e-01,5.360692977905273438e+00
-4.472148418426513672e-01,5.151570320129394531e+00
-1.286403387784957886e-01,5.446532249450683594e+00
-1.607712209224700928e-01,5.665925979614257812e+00
-2.539761066436767578e-01,5.254943370819091797e+00
-5.487008690834045410e-01,4.457547187805175781e+00
-7.285152077674865723e-01,3.338130950927734375e+00
-3.316809833049774170e-01,5.423046588897705078e+00
-1.428249627351760864e-01,3.622243881225585938e+00
-2.081992030143737793e-01,5.016888141632080078e+00
-5.364245176315307617e-01,4.508969783782958984e+00
-1.326717883348464966e-01,5.368018627166748047e+00
-8.063291907310485840e-01,3.842593431472778320e+00
-4.747585952281951904e-01,4.922399520874023438e+00
-3.154064416885375977e-01,4.158096790313720703e+00
-4.062171876430511475e-01,4.346907138824462891e+00
-5.015553832054138184e-01,3.986645698547363281e+00
-2.303483635187149048e-01,4.489808082580566406e+00
-2.900991439819335938e-01,5.481787204742431641e+00
-3.019610047340393066e-01,4.687505245208740234e+00
-2.665494382381439209e-02,5.383231163024902344e+00
-7.396700978279113770e-01,3.609877586364746094e+00
-4.450487792491912842e-01,3.665310621261596680e+00
-3.989630341529846191e-01,4.507985115051269531e+00
-3.028754293918609619e-01,3.668052434921264648e+00
-3.150075376033782959e-01,3.290949583053588867e+00
-2.188144065439701080e-02,5.057243824005126953e+00
-5.142529606819152832e-01,4.203907012939453125e+00
-1.961149871349334717e-01,4.858943462371826172e+00
-1.768650859594345093e-01,3.925847053527832031e+00
-6.757332086563110352e-01,3.664597988128662109e+00
-1.795146614313125610e-02,5.218383789062500000e+00
7.422380149364471436e-02,5.166589260101318359e+00
1.133418232202529907e-01,4.889008045196533203e+00
-3.125943839550018311e-01,4.518857955932617188e+00
-8.338721841573715210e-02,5.025148868560791016e+00
-1.397976726293563843e-01,4.531225681304931641e+00
-3.551765680313110352e-01,4.257080554962158203e+00
-2.351441383361816406e-01,4.004176616668701172e+00
-1.236098706722259521e-01,4.511250019073486328e+00
-1.313730478286743164e-01,4.133109092712402344e+00
4.459773655980825424e-03,5.352962493896484375e+00
-3.564008474349975586e-01,4.815309047698974609e+00
-6.053910776972770691e-02,5.261620998382568359e+00
-1.366984993219375610e-01,3.362122774124145508e+00
-5.655510351061820984e-02,4.351635456085205078e+00
2.784444019198417664e-02,4.610349655151367188e+00
-7.290562987327575684e-02,4.291670799255371094e+00
2.209046110510826111e-02,5.168659210205078125e+00
-3.918910399079322815e-02,4.502676963806152344e+00
1.807489842176437378e-01,5.282417774200439453e+00
-3.650270998477935791e-01,4.251521587371826172e+00
-8.769461512565612793e-02,4.789951801300048828e+00
1.296243965625762939e-01,4.906761646270751953e+00
-2.753273248672485352e-01,4.133971214294433594e+00
-2.089384198188781738e-01,4.590600967407226562e+00
9.927539527416229248e-02,4.930746555328369141e+00
-1.597335487604141235e-01,4.111400127410888672e+00
-1.764974147081375122e-01,3.712215662002563477e+00
-1.304095089435577393e-01,4.145060539245605469e+00
-2.494704723358154297e-01,3.852175235748291016e+00
-7.366255670785903931e-02,5.081184387207031250e+00
-8.205551654100418091e-02,4.113593101501464844e+00
-1.513828635215759277e-01,4.241599559783935547e+00
5.548768211156129837e-03,3.806251049041748047e+00
-2.501133084297180176e-01,3.973663568496704102e+00
-9.147687256336212158e-02,3.800865411758422852e+00
-2.200518734753131866e-02,3.826797246932983398e+00
3.149382174015045166e-01,5.198064327239990234e+00
-2.772670425474643707e-02,4.243493556976318359e+00
2.459823936223983765e-01,3.676416158676147461e+00
-1.314250081777572632e-01,4.591636180877685547e+00
3.481021150946617126e-02,3.814612627029418945e+00
-2.758586108684539795e-01,4.427803993225097656e+00
-1.218651831150054932e-01,4.077976703643798828e+00
-3.067985549569129944e-02,4.159961700439453125e+00
1.296508163213729858e-01,4.827436923980712891e+00
5.577296018600463867e-02,4.375866413116455078e+00
1.577301919460296631e-01,4.216484069824218750e+00
-9.751013666391372681e-02,4.115423679351806641e+00
-9.442576020956039429e-02,3.997459650039672852e+00
2.802404761314392090e-01,5.005448818206787109e+00
6.125089898705482483e-02,4.384428977966308594e+00
-6.685266643762588501e-02,4.006869316101074219e+00
1.598237305879592896e-01,4.669763088226318359e+00
1.801268607378005981e-01,4.186280250549316406e+00
-2.653222158551216125e-02,4.521337985992431641e+00
1.626522652804851532e-02,3.882407665252685547e+00
1.862735152244567871e-01,4.048880100250244141e+00
-3.695548325777053833e-02,4.257912635803222656e+00
4.521441087126731873e-02,4.142047882080078125e+00
9.089022874832153320e-03,4.104726791381835938e+00
1.506345439702272415e-02,4.029542446136474609e+00
2.098091244697570801e-01,4.367230415344238281e+00
2.444411516189575195e-01,4.361233711242675781e+00
3.091517388820648193e-01,4.561780929565429688e+00
1.301638633012771606e-01,4.687799930572509766e+00
1.466818600893020630e-01,4.440726280212402344e+00
1.427283883094787598e-02,4.256807327270507812e+00
1.340827792882919312e-01,4.095218658447265625e+00
4.999821782112121582e-01,5.234537601470947266e+00
5.691172182559967041e-02,3.985199213027954102e+00
4.717236757278442383e-02,4.009119510650634766e+00
6.803491115570068359e-01,5.037719249725341797e+00
1.155901253223419189e-01,4.194363117218017578e+00
9.430377930402755737e-02,3.903770685195922852e+00
1.133472397923469543e-01,4.184162139892578125e+00
2.006231844425201416e-01,4.069139957427978516e+00
-9.385949373245239258e-02,4.192270755767822266e+00
2.251009494066238403e-01,4.077905178070068359e+00
6.514666229486465454e-02,4.458525657653808594e+00
4.667136445641517639e-02,4.293568611145019531e+00
1.281515806913375854e-01,4.572243690490722656e+00
2.189675867557525635e-01,4.262043952941894531e+00
8.345656841993331909e-02,4.295794486999511719e+00
2.785241007804870605e-01,4.214467525482177734e+00
2.042790502309799194e-01,4.057959556579589844e+00
5.302067995071411133e-01,5.067903041839599609e+00
2.319567352533340454e-01,4.215099334716796875e+00
6.938694417476654053e-02,4.140486717224121094e+00
2.105479687452316284e-01,4.123252868652343750e+00
5.020298361778259277e-01,4.995143890380859375e+00
1.179618909955024719e-01,4.159762382507324219e+00
3.548624515533447266e-01,4.548769474029541016e+00
2.387239933013916016e-01,4.196217060089111328e+00
4.538091123104095459e-01,4.523261070251464844e+00
2.719180583953857422e-01,4.406511783599853516e+00
3.367848694324493408e-01,4.637024879455566406e+00
2.270188480615615845e-01,4.027551174163818359e+00
4.299131333827972412e-01,4.468853473663330078e+00
4.891394674777984619e-01,4.365621566772460938e+00
2.696882486343383789e-01,4.539904594421386719e+00
3.237134516239166260e-01,4.330274581909179688e+00
2.610495686531066895e-01,4.596374034881591797e+00
4.058647751808166504e-01,4.472908973693847656e+00
4.745965003967285156e-01,4.232065677642822266e+00
3.616110980510711670e-01,4.366784572601318359e+00
4.318241775035858154e-01,4.649467945098876953e+00
3.185696303844451904e-01,4.348420619964599609e+00
5.269559621810913086e-01,4.778267383575439453e+00
3.421796560287475586e-01,4.590054512023925781e+00
2.502004504203796387e-01,4.152646064758300781e+00
3.542293310165405273e-01,4.780647277832031250e+00
5.335236787796020508e-01,4.591402053833007812e+00
4.463146924972534180e-01,4.559045314788818359e+00
4.805046617984771729e-01,4.668813705444335938e+00
6.213638186454772949e-01,4.667550563812255859e+00
4.727930724620819092e-01,4.564288139343261719e+00
6.770835518836975098e-01,4.980587959289550781e+00
4.329822659492492676e-01,4.436711788177490234e+00
6.145104169845581055e-01,4.549859523773193359e+00
5.371330976486206055e-01,4.694818496704101562e+00
5.977993607521057129e-01,4.662652492523193359e+00
2.979712486267089844e-01,4.338737487792968750e+00
7.744848728179931641e-01,4.909071445465087891e+00
5.875973105430603027e-01,4.848177909851074219e+00
5.274862647056579590e-01,4.447074413299560547e+00
7.994776964187622070e-01,4.941189765930175781e+00
3.580654859542846680e-01,4.222469329833984375e+00
5.141656398773193359e-01,4.565494537353515625e+00
7.406190633773803711e-01,4.924474239349365234e+00
4.340335130691528320e-01,4.467142105102539062e+00
7.827410697937011719e-01,5.007668972015380859e+00
5.933171510696411133e-01,4.536993503570556641e+00
6.567728519439697266e-01,4.620014190673828125e+00
8.724434971809387207e-01,4.948161602020263672e+00
5.762122869491577148e-01,4.189066886901855469e+00
1.157513856887817383e+00,4.839252948760986328e+00
8.920971155166625977e-01,4.911711692810058594e+00
1.090434551239013672e+00,4.812833786010742188e+00
1.139601707458496094e+00,4.774300098419189453e+00
1.219271183013916016e+00,5.036346912384033203e+00
8.162104487419128418e-01,4.761470794677734375e+00
8.288217782974243164e-01,4.487515449523925781e+00
1.126843929290771484e+00,4.777442932128906250e+00
1.196246743202209473e+00,4.864423751831054688e+00
1.162416934967041016e+00,5.010335922241210938e+00
1.428237676620483398e+00,5.097064495086669922e+00
1.207759737968444824e+00,4.653337478637695312e+00
1.240360140800476074e+00,5.068237781524658203e+00
1.208579421043395996e+00,5.006890296936035156e+00
1.254687547683715820e+00,4.879081249237060547e+00
7.513323426246643066e-01,4.297919273376464844e+00
7.133461236953735352e-01,4.328146457672119141e+00
1.457945585250854492e+00,4.998024463653564453e+00
1.258931636810302734e+00,4.989077091217041016e+00
1.253439545631408691e+00,4.949740409851074219e+00
1.136051535606384277e+00,4.706145286560058594e+00
1.571498990058898926e+00,5.126489162445068359e+00
1.500561356544494629e+00,5.115947246551513672e+00
1.531632423400878906e+00,4.738063812255859375e+00
1.317338466644287109e+00,5.034092426300048828e+00
1.147637963294982910e+00,4.596108436584472656e+00
1.596729397773742676e+00,4.785986900329589844e+00
1.717798829078674316e+00,5.027328014373779297e+00
9.975503683090209961e-01,4.592393875122070312e+00
1.338001370429992676e+00,4.900427341461181641e+00
1.165779709815979004e+00,4.499116897583007812e+00
1.366566896438598633e+00,4.805955410003662109e+00
1.613679289817810059e+00,4.911927223205566406e+00
9.088372588157653809e-01,4.306909561157226562e+00
1.381455779075622559e+00,4.827476978302001953e+00
1.658393621444702148e+00,4.950383186340332031e+00
1.512870669364929199e+00,4.969409942626953125e+00
1.552015781402587891e+00,4.927412509918212891e+00
1.572877049446105957e+00,4.697208881378173828e+00
1.865302562713623047e+00,4.745192050933837891e+00
1.782119274139404297e+00,4.887790203094482422e+00
1.596678137779235840e+00,4.910348892211914062e+00
1.352066516876220703e+00,4.606716156005859375e+00
1.778709888458251953e+00,4.810826778411865234e+00
1.445461869239807129e+00,4.412692070007324219e+00
1.745430231094360352e+00,4.584830760955810547e+00
1.511178731918334961e+00,4.828153133392333984e+00
1.792320370674133301e+00,4.763983726501464844e+00
2.024917125701904297e+00,4.697711944580078125e+00
1.832705736160278320e+00,4.827170848846435547e+00
1.806426525115966797e+00,4.837258338928222656e+00
1.237353444099426270e+00,4.339439392089843750e+00
1.505063176155090332e+00,4.408474445343017578e+00
1.793111920356750488e+00,4.539531707763671875e+00
1.774730086326599121e+00,4.583388805389404297e+00
1.127064704895019531e+00,4.280623912811279297e+00
1.266471147537231445e+00,4.419315338134765625e+00
1.144551396369934082e+00,4.283620357513427734e+00
1.565324187278747559e+00,4.523632526397705078e+00
1.750022768974304199e+00,4.788973808288574219e+00
1.456350922584533691e+00,4.382569313049316406e+00
1.504609465599060059e+00,4.473231792449951172e+00
1.246276497840881348e+00,4.344007968902587891e+00
2.043099880218505859e+00,4.695775508880615234e+00
2.043098449707031250e+00,4.518729209899902344e+00
2.162419080734252930e+00,4.531023025512695312e+00
2.006160259246826172e+00,4.422410011291503906e+00
1.935104727745056152e+00,4.463275909423828125e+00
1.866699337959289551e+00,4.314246177673339844e+00
1.739355921745300293e+00,4.367376327514648438e+00
1.637694120407104492e+00,4.470314502716064453e+00
1.840122222900390625e+00,4.455130577087402344e+00
1.713285326957702637e+00,4.401887416839599609e+00
1.944618463516235352e+00,4.801103591918945312e+00
1.429944872856140137e+00,4.229093551635742188e+00
2.203008413314819336e+00,4.397160053253173828e+00
1.689366102218627930e+00,4.315058708190917969e+00
1.603146553039550781e+00,4.300636768341064453e+00
2.055546522140502930e+00,4.357874393463134766e+00
1.307376384735107422e+00,4.298394203186035156e+00
1.878852248191833496e+00,4.175880432128906250e+00
1.849489212036132812e+00,4.026923179626464844e+00
2.061720371246337891e+00,4.370420455932617188e+00
2.155504465103149414e+00,4.341460227966308594e+00
1.397222995758056641e+00,4.391408443450927734e+00
2.233946800231933594e+00,4.187999248504638672e+00
2.209302425384521484e+00,4.352702617645263672e+00
1.433420896530151367e+00,4.090375423431396484e+00
1.402863740921020508e+00,4.347665309906005859e+00
2.157627582550048828e+00,4.368898868560791016e+00
2.249983549118041992e+00,4.168524742126464844e+00
2.015795230865478516e+00,4.217632770538330078e+00
1.641838788986206055e+00,4.017167568206787109e+00
1.988636493682861328e+00,4.147845268249511719e+00
1.974105238914489746e+00,4.190934181213378906e+00
2.105095386505126953e+00,4.270869731903076172e+00
2.025270223617553711e+00,4.134575843811035156e+00
1.568465471267700195e+00,4.190553665161132812e+00
1.828525424003601074e+00,4.068330764770507812e+00
1.980641126632690430e+00,4.014999866485595703e+00
1.742954611778259277e+00,4.037657737731933594e+00
1.552817106246948242e+00,4.077276706695556641e+00
2.065296173095703125e+00,3.930900812149047852e+00
2.201512336730957031e+00,3.990813970565795898e+00
2.212812662124633789e+00,3.812289714813232422e+00
2.011654376983642578e+00,3.991795539855957031e+00
2.052624464035034180e+00,4.102312088012695312e+00
1.784805059432983398e+00,3.928474903106689453e+00
2.035204648971557617e+00,3.859361410140991211e+00
1.666671514511108398e+00,4.009691238403320312e+00
1.931668639183044434e+00,4.043720722198486328e+00
1.716536402702331543e+00,4.054769515991210938e+00
1.781856656074523926e+00,3.880280017852783203e+00
2.193287611007690430e+00,3.844335317611694336e+00
2.120782136917114258e+00,3.741352558135986328e+00
2.005510330200195312e+00,3.759940624237060547e+00
1.919538021087646484e+00,3.868422985076904297e+00
2.164016485214233398e+00,3.961610794067382812e+00
1.713439583778381348e+00,3.915746212005615234e+00
1.919847249984741211e+00,3.884407758712768555e+00
2.013372659683227539e+00,4.047422409057617188e+00
1.992100834846496582e+00,3.712900876998901367e+00
1.938845276832580566e+00,3.827710151672363281e+00
1.847625970840454102e+00,3.777036190032958984e+00
2.145164489746093750e+00,3.761928796768188477e+00
1.863115429878234863e+00,3.937819242477416992e+00
2.101653099060058594e+00,3.695763349533081055e+00
1.873629331588745117e+00,3.762026786804199219e+00
1.830692887306213379e+00,3.831749677658081055e+00
2.143739223480224609e+00,3.699853897094726562e+00
1.840451359748840332e+00,3.767264604568481445e+00
1.712131381034851074e+00,3.847912073135375977e+00
1.823158144950866699e+00,3.645252943038940430e+00
2.195693492889404297e+00,3.666075706481933594e+00
2.016895532608032227e+00,3.638742446899414062e+00
2.111112594604492188e+00,3.683056116104125977e+00
2.061318635940551758e+00,3.577504634857177734e+00
1.939407825469970703e+00,3.546996116638183594e+00
1.967630147933959961e+00,3.561878681182861328e+00
1.874775290489196777e+00,3.464851379394531250e+00
1.874850749969482422e+00,3.571717977523803711e+00
1.866661906242370605e+00,3.343821763992309570e+00
2.100335359573364258e+00,3.442099094390869141e+00
1.721263527870178223e+00,3.560321331024169922e+00
2.116823673248291016e+00,3.264514446258544922e+00
2.077036142349243164e+00,3.347184419631958008e+00
1.983323216438293457e+00,3.578848600387573242e+00
2.036154270172119141e+00,3.409932136535644531e+00
1.965006232261657715e+00,3.418275356292724609e+00
1.467600226402282715e+00,2.922024488449096680e+00
1.978572845458984375e+00,3.034890413284301758e+00
1.987173795700073242e+00,3.053561925888061523e+00
2.000214338302612305e+00,3.119877576828002930e+00
2.053028106689453125e+00,3.237363576889038086e+00
1.703737854957580566e+00,3.274844169616699219e+00
1.779045462608337402e+00,3.145960330963134766e+00
1.898680210113525391e+00,3.111010551452636719e+00
1.830203771591186523e+00,3.258879184722900391e+00
1.481148838996887207e+00,2.981667041778564453e+00
1.793201565742492676e+00,2.876220703125000000e+00
1.517161488533020020e+00,2.675235509872436523e+00
1.652141571044921875e+00,3.272735118865966797e+00
1.604206323623657227e+00,2.844715833663940430e+00
1.803273081779479980e+00,3.121482372283935547e+00
5.635580420494079590e-01,2.007678508758544922e+00
1.722158432006835938e+00,3.252820491790771484e+00
1.776080846786499023e+00,2.761472225189208984e+00
1.680155634880065918e+00,3.508828878402709961e+00
8.082136511802673340e-01,2.124497413635253906e+00
1.698529601097106934e+00,2.619783163070678711e+00
1.237574815750122070e+00,2.182218074798583984e+00
1.816454768180847168e+00,2.966793537139892578e+00
1.096634030342102051e+00,2.989966154098510742e+00
1.214168429374694824e+00,2.317556619644165039e+00
1.436125040054321289e+00,2.676481962203979492e+00
1.710196256637573242e+00,3.063220262527465820e+00
1.418178439140319824e+00,2.335047960281372070e+00
1.087620973587036133e+00,2.037556648254394531e+00
1.227954387664794922e+00,2.330289125442504883e+00
1.785031557083129883e+00,3.078628063201904297e+00
1.233658194541931152e+00,2.769666910171508789e+00
1.473522663116455078e+00,2.940099716186523438e+00
1.158721804618835449e+00,3.504848718643188477e+00
1.685793161392211914e+00,2.913512229919433594e+00
1.083156704902648926e+00,2.784550189971923828e+00
1.530455231666564941e+00,3.050909042358398438e+00
1.586142897605895996e+00,3.286740779876708984e+00
1.769143104553222656e+00,2.861938953399658203e+00
1.398094415664672852e+00,3.343685865402221680e+00
1.618485808372497559e+00,2.447788476943969727e+00
1.596509099006652832e+00,3.062189340591430664e+00
1.569819808006286621e+00,3.073481559753417969e+00
1.568393588066101074e+00,2.786350488662719727e+00
1.204846858978271484e+00,3.588318586349487305e+00
1.721615552902221680e+00,3.134967803955078125e+00
1.263170599937438965e+00,3.336796998977661133e+00
1.238019943237304688e+00,2.675765752792358398e+00
1.574505329132080078e+00,3.372950315475463867e+00
1.162035107612609863e+00,3.566943645477294922e+00
1.184316635131835938e+00,2.514067411422729492e+00
1.150071620941162109e+00,3.255722045898437500e+00
1.390666961669921875e+00,3.449994087219238281e+00
1.193265318870544434e+00,3.406686305999755859e+00
1.245433807373046875e+00,3.438348293304443359e+00
1.206879973411560059e+00,3.498897552490234375e+00
1.518729805946350098e+00,2.987426280975341797e+00
1.511144399642944336e+00,2.942871570587158203e+00
1.205296277999877930e+00,2.918700218200683594e+00
1.422684669494628906e+00,2.752767562866210938e+00
1.239576578140258789e+00,3.384026288986206055e+00
1.205520987510681152e+00,2.414006471633911133e+00
1.105211853981018066e+00,3.156609058380126953e+00
1.387501478195190430e+00,2.940464258193969727e+00
